Latitude: 22.312 Longitude: 114.17
-----------------------------------------------------------------------------
   PRES   HGHT   TEMP   DWPT   RELH   MIXR   DRCT   SPED   THTA   THTE   THTV
    hPa      m      C      C      %   g/kg    deg    m/s      K      K      K 
-----------------------------------------------------------------------------
 1003.3     66   30.7   25.6     74  20.97    273    1.0  303.6  366.4  307.4
 1000.0     95   29.6   25.2     77  20.55    266    3.2  302.8  364.1  306.5
  981.5    262   27.7   24.2     81  19.79    249    3.2  302.5  361.4  306.1
  925.0    787   23.7   22.4     92  18.76    272    3.2  303.6  359.6  307.0
  904.6    983   22.4   21.4     94  18.07    274    3.6  304.1  358.2  307.4
  883.8   1185   22.0   16.7     72  13.70    259    5.5  305.8  347.1  308.3
  858.8   1434   21.2   10.8     51   9.49    256    6.5  307.5  336.5  309.2
  850.0   1524   20.7   10.8     53   9.62    254    5.8  307.8  337.2  309.6
  825.9   1772   18.8   13.9     73  12.15    252    5.1  308.3  345.4  310.6
  814.7   1889   18.6   12.1     66  10.97    239    5.3  309.3  343.0  311.3
  782.7   2233   17.1    6.7     50   7.89    263    6.2  311.3  335.9  312.8
  772.9   2340   16.6    5.4     47   7.30    259    6.9  311.9  334.8  313.3
  764.5   2434   15.8    8.6     62   9.22    261    7.1  312.0  340.8  313.8
  760.9   2473   15.5    8.6     63   9.24    261    6.9  312.1  340.9  313.8
  700.0   3176   11.4    1.4     50   6.06    245    4.2  315.1  334.4  316.2
  639.3   3928    7.1   -7.3     35   3.47    239    4.4  318.4  330.0  319.1
  597.6   4481    3.6   -0.3     76   6.30    256    1.6  320.6  341.2  321.8
  582.1   4693    2.6   -1.4     75   5.95    251    3.2  321.9  341.4  323.0
  566.5   4914    2.0   -9.8     41   3.21    241    4.4  323.7  334.6  324.3
  548.3   5177    0.2   -5.1     67   4.78    258    4.3  324.6  340.6  325.5
  540.6   5289   -0.3  -10.9     45   3.09    259    4.2  325.3  335.9  325.9
  520.3   5595   -2.2  -13.2     43   2.67    266    3.9  326.5  335.8  327.0
  514.2   5689   -2.9  -11.7     51   3.05    278    3.5  326.8  337.3  327.4
  509.4   5763   -3.6   -5.0     90   5.20    279    2.4  326.8  344.3  327.8
  507.4   5794   -3.8   -4.6     94   5.38    279    2.0  327.0  345.1  328.1
  500.0   5910   -4.0   -8.1     73   4.16    263    2.5  328.1  342.3  328.9
  492.1   6035   -4.5  -13.6     49   2.72    248    3.0  328.9  338.4  329.5
  470.6   6385   -6.5   -8.5     86   4.30    285    0.1  330.8  345.6  331.6
  462.9   6515   -7.4   -7.9     97   4.58     97    2.8  331.1  346.9  332.1
  430.1   7086  -10.4  -10.4    100   4.04     63    3.7  334.4  348.6  335.2
  413.4   7390  -12.1  -13.6     89   3.26     43    3.5  335.9  347.5  336.6
  411.0   7433  -12.0  -15.3     76   2.83     35    3.0  336.7  346.9  337.3
  400.0   7641  -13.9  -15.9     85   2.78     29    2.7  336.8  346.8  337.3
  382.1   7987  -17.0  -17.0    100   2.64     37    4.1  337.1  346.7  337.7
  377.8   8072  -17.6  -17.9     97   2.48     53    3.9  337.5  346.5  338.0
  376.8   8090  -16.9  -21.6     67   1.81     56    3.9  338.6  345.3  339.0
  375.9   8110  -16.7  -20.9     70   1.93     57    3.9  339.1  346.2  339.5
  355.0   8537  -20.1  -21.9     86   1.87     88    2.7  340.2  347.1  340.5
  352.4   8590  -19.9  -32.6     31   0.70     76    2.1  341.2  343.9  341.3
  343.7   8776  -21.1  -28.0     54   1.12     50    1.4  342.0  346.3  342.3
  338.0   8900  -21.9  -25.6     72   1.41     25    2.7  342.5  347.8  342.8
  325.5   9176  -23.7  -29.2     60   1.05     15    4.8  343.8  347.9  344.0
  315.6   9400  -25.6  -29.5     70   1.05      8    6.3  344.1  348.2  344.3
  308.4   9567  -27.0  -30.0     76   1.03     30    7.7  344.5  348.5  344.7
  303.6   9681  -27.9  -30.0     82   1.05     27    8.1  344.8  348.8  345.0
  300.0   9766  -28.5  -31.4     77   0.93     29    7.5  345.0  348.7  345.2
  268.9  10541  -34.5  -39.4     61   0.47     44   10.3  347.3  349.2  347.4
  267.7  10573  -34.7  -39.2     64   0.48     43   10.8  347.4  349.4  347.5
  261.8  10728  -35.6  -44.4     40   0.28     37   12.7  348.4  349.6  348.5
  250.0  11046  -38.4  -43.6     58   0.32     38   14.6  348.8  350.2  348.9
  238.1  11378  -41.2  -45.7     62   0.27     36   17.1  349.5  350.7  349.6
  219.1  11939  -46.0  -50.8     59   0.17     33   17.7  350.4  351.2  350.5
  200.0  12537  -51.5  -56.7     54   0.09     32   15.3  351.0  351.4  351.0
  191.0  12833  -54.0  -58.0     62   0.08     21   16.4  351.6  352.0  351.6
  187.2  12962  -55.2  -59.5     58   0.07     21   17.1  351.8  352.1  351.9
  185.4  13023  -55.4  -60.1     56   0.06     20   17.3  352.4  352.7  352.4
  182.6  13120  -56.2  -60.7     57   0.06     23   16.9  352.6  352.9  352.6
  178.3  13271  -57.1  -69.8     18   0.02     26   15.2  353.7  353.7  353.7
  169.9  13577  -59.6  -68.3     31   0.02     25   13.1  354.4  354.5  354.4
  158.0  14025  -62.8  -71.4     31   0.02     53   11.0  356.3  356.4  356.3
  150.0  14344  -65.2  -73.4     31   0.01     41   10.7  357.6  357.6  357.6
  143.3  14619  -67.3  -74.5     35   0.01     39   11.2  358.7  358.7  358.7
  138.2  14837  -69.0  -76.7     32   0.01     45   11.4  359.3  359.3  359.3
  130.1  15199  -71.4  -76.8     45   0.01     46   10.0  361.3  361.4  361.3
  123.5  15505  -72.5  -77.1     50   0.01     61   11.8  364.7  364.7  364.7
  117.3  15805  -74.3  -78.2     55   0.01     52   12.1  366.9  366.9  366.9
  112.2  16062  -74.0  -79.5     43   0.01     52   13.2  372.0  372.0  372.0
  107.5  16312  -75.6  -81.6     38   0.00     74   14.7  373.6  373.7  373.6
  105.7  16409  -75.9  -81.8     39   0.00     77   16.6  374.8  374.8  374.8
  100.1  16726  -75.4  -84.9     22   0.00     82   19.6  381.7  381.7  381.7
  100.0  16731  -75.4  -85.0     21   0.00     82   19.6  381.7  381.8  381.7
  100.0  16731  -75.4  -85.0     21   0.00     82   19.6  381.7  381.8  381.7
   97.0  16907  -75.5  -85.5     20   0.00     72   19.6  384.9  385.0  384.9
   96.2  16957  -75.2  -85.4     19   0.00     72   20.9  386.5  386.5  386.5
   88.0  17470  -74.5  -86.6     14   0.00     83   23.8  397.8  397.8  397.8
   85.1  17667  -73.4  -86.7     12   0.00     91   18.5  403.9  403.9  403.9
   85.0  17677  -73.4  -86.7     12   0.00     91   18.2  404.0  404.1  404.0
   80.9  17965  -75.1  -87.4     13   0.00     76   16.5  406.2  406.2  406.2
   80.1  18021  -75.4  -87.8     13   0.00     78   16.8  406.8  406.8  406.8
   74.0  18484  -71.4  -88.2      7   0.00     91   17.4  424.5  424.5  424.5
   72.6  18594  -71.0  -88.5      6   0.00     82   15.7  427.7  427.7  427.7
   71.2  18714  -70.4  -88.8      5   0.00     72   17.8  431.4  431.4  431.4
   70.0  18813  -70.5  -89.0      5   0.00     76   19.2  433.3  433.3  433.3
   64.2  19326  -69.1  -89.5      4   0.00     88   21.5  447.0  447.0  447.0
   62.0  19535  -70.4  -89.7      4   0.00     95   18.1  448.8  448.8  448.8
   60.6  19669  -71.1  -90.2      4   0.00     93   16.2  450.1  450.1  450.1
   53.4  20429  -65.6  -90.2      2   0.00     92   22.9  479.5  479.5  479.5
   51.5  20652  -64.6  -90.3      2   0.00     86   21.4  486.6  486.6  486.6
   50.0  20829  -63.5  -89.8      2   0.00     94   21.9  493.4  493.5  493.4
   48.3  21044  -62.9  -89.5      2   0.00     92   21.5  499.8  499.8  499.8
   46.8  21241  -64.1  -89.6      2   0.00     97   19.5  501.5  501.5  501.5
   44.1  21596  -63.5  -89.9      2   0.00    102   18.0  511.5  511.5  511.5
   42.2  21876  -63.6  -89.9      2   0.00     86   15.7  517.5  517.6  517.6
   41.2  22013  -63.7  -90.1      2   0.00     81   18.8  521.0  521.1  521.0
   39.5  22280  -61.7  -89.7      1   0.00     78   28.0  532.3  532.3  532.3
   37.5  22594  -61.4  -89.3      1   0.00     93   31.6  540.9  541.0  540.9
   36.7  22739  -59.7  -89.1      1   0.00     99   28.1  548.7  548.8  548.7
   34.8  23066  -57.9  -87.8      1   0.01     83   21.1  561.7  561.8  561.7
   33.0  23405  -56.5  -87.1      1   0.01     92   22.0  574.1  574.1  574.1
   31.8  23629  -56.5  -86.9      1   0.01    103   25.3  580.2  580.3  580.2
   30.2  23956  -56.1  -86.7      1   0.01     94   19.1  590.1  590.1  590.1
   30.0  24007  -56.2  -86.6      1   0.01     92   19.2  590.9  591.0  590.9
   29.3  24161  -56.9  -86.7      1   0.01     88   20.5  593.0  593.0  593.0
   25.7  24990  -54.5  -85.9      1   0.01     91   26.2  622.3  622.4  622.3
   23.3  25627  -53.4  -85.5      1   0.01    109   26.0  643.3  643.4  643.3
   22.1  25955  -53.1  -85.8      1   0.01     86   16.9  653.9  654.0  653.9
   21.3  26207  -51.3  -84.8      1   0.01     75   18.6  666.2  666.3  666.2
   20.0  26608  -50.8  -84.4      1   0.02     88   22.1  680.0  680.2  680.0
   19.9  26648  -50.8  -84.4      1   0.02     89   22.1  680.8  680.9  680.8
   17.9  27338  -50.0  -84.0      1   0.02     73   25.9  704.4  704.6  704.4
   16.8  27755  -50.6  -84.3      1   0.02     95   27.7  715.2  715.4  715.2
   15.3  28337  -49.8  -84.3      1   0.02    105   27.3  737.1  737.4  737.1
   14.9  28516  -49.1  -84.1      1   0.02     98   27.9  745.1  745.3  745.1
   14.5  28692  -49.5  -84.2      1   0.02     89   31.7  749.6  749.9  749.7
   14.3  28789  -48.8  -84.3      1   0.02     91   32.9  755.0  755.3  755.1
   13.6  29141  -47.2  -83.5      1   0.03    103   27.2  771.3  771.6  771.3
   12.9  29507  -46.1  -83.2      1   0.03     95   34.1  786.9  787.2  786.9
   12.2  29879  -45.0  -83.1      1   0.03     97   27.3  803.4  803.8  803.4
   11.5  30244  -44.3  -82.6      1   0.04     88   34.0  819.5  820.0  819.5
   10.0  31197  -39.6  -80.7      0   0.06     87   26.9  870.5  871.3  870.5
    9.3  31677  -37.8  -79.7      0   0.07    100   27.3  895.6  896.5  895.6
