Latitude: 22.312 Longitude: 114.17
-----------------------------------------------------------------------------
   PRES   HGHT   TEMP   DWPT   RELH   MIXR   DRCT   SPED   THTA   THTE   THTV
    hPa      m      C      C      %   g/kg    deg    m/s      K      K      K 
-----------------------------------------------------------------------------
 1000.0     44                                                               
  997.6     66   27.0   24.1     84  19.27    204    1.2  300.4  357.1  303.8
  953.6    464   23.6   23.0     97  18.90    207    6.3  300.8  356.5  304.2
  944.6    547   23.0   22.8     99  18.87    216    7.9  301.1  356.8  304.4
  925.0    731   22.8   20.8     89  16.99    222    9.2  302.6  353.1  305.6
  895.6   1013   20.9   20.4     97  17.11    233   11.1  303.5  354.5  306.6
  868.0   1285   19.9   19.4     97  16.55    255    9.0  305.2  354.9  308.2
  850.0   1466   19.2   18.4     96  15.91    251    8.5  306.2  354.2  309.1
  841.3   1555   18.7   17.8     94  15.42    253    6.6  306.7  353.3  309.5
  838.2   1586   19.3   17.8     91  15.45    251    5.8  307.6  354.4  310.4
  824.1   1733   18.8   17.0     89  14.92    242    6.7  308.5  354.0  311.3
  808.4   1899   17.9   16.2     90  14.52    265    5.7  309.3  353.7  312.0
  795.0   2042   17.4   15.4     88  13.97    255    6.8  310.3  353.2  312.9
  763.6   2386   15.3   14.0     92  13.29    275    6.5  311.5  352.6  314.0
  748.9   2551   14.2   13.3     94  12.90    239    5.0  312.1  352.1  314.5
  700.0   3122   11.9   10.3     90  11.30    202    3.9  315.6  351.2  317.7
  668.1   3512   10.0    7.9     87  10.05    176    5.0  317.7  349.7  319.6
  650.8   3730    8.9    6.7     86   9.53    183    7.7  318.9  349.4  320.7
  627.9   4027    7.7    4.9     83   8.71    217    5.0  320.8  348.9  322.4
  604.4   4341    5.9    2.7     80   7.74    227    5.0  322.2  347.5  323.8
  587.9   4568    5.3    1.7     78   7.38    215    5.5  324.1  348.4  325.5
  587.3   4576    5.3    1.7     78   7.40    214    5.3  324.1  348.5  325.6
  560.4   4958    2.5    0.7     88   7.22    161    1.4  325.3  349.1  326.7
  545.8   5172    0.7    0.4     98   7.23    159    3.0  325.5  349.5  327.0
  535.1   5330    0.8   -0.5     91   6.94    126    3.9  327.5  350.7  328.9
  530.3   5403    0.7   -1.0     88   6.72    117    5.4  328.3  350.8  329.6
  516.1   5622   -0.8   -2.0     91   6.42    129    6.1  329.0  350.6  330.3
  500.0   5874   -2.6   -2.9     98   6.20    119    8.2  329.7  350.7  331.0
  493.2   5982   -3.4   -3.4    100   6.05    112    6.6  330.1  350.6  331.3
  486.8   6087   -3.7   -4.0     98   5.88    100    7.1  331.0  351.0  332.2
  476.7   6252   -4.8   -5.3     96   5.42    107    7.9  331.7  350.2  332.7
  464.7   6452   -5.5   -6.9     90   4.92    119    7.9  333.2  350.2  334.2
  457.6   6574   -6.3   -7.3     93   4.85    108    8.9  333.6  350.4  334.6
  424.0   7168   -7.9  -10.8     80   3.97     84    4.2  338.9  353.0  339.7
  418.0   7279   -7.9  -13.7     63   3.19     79    5.5  340.3  351.9  341.0
  400.8   7606  -10.0  -16.4     59   2.65     73    8.0  341.8  351.5  342.3
  400.0   7621  -10.1  -16.5     59   2.65     73    7.9  341.8  351.5  342.4
  388.6   7843  -12.0  -16.9     67   2.62     64    6.8  342.1  351.8  342.7
  381.3   7989  -13.1  -15.9     79   2.91     73    5.2  342.6  353.2  343.2
  371.7   8181  -14.2  -17.2     78   2.67     56    5.0  343.5  353.4  344.1
  361.5   8393  -15.7  -18.2     81   2.53     67    5.1  344.3  353.7  344.9
  346.8   8705  -17.7  -20.4     80   2.18     57    5.1  345.6  353.8  346.1
  327.8   9123  -20.9  -22.4     88   1.95     77    6.5  346.9  354.3  347.3
  316.3   9388  -22.3  -25.6     74   1.52     83    5.0  348.6  354.4  348.9
  300.0   9774  -24.8  -28.7     70   1.20    121    1.8  350.3  355.0  350.5
  299.1   9795  -25.0  -28.7     71   1.20    129    1.8  350.4  355.1  350.6
  293.0   9946  -26.0  -30.1     68   1.08    194    2.5  351.0  355.3  351.2
  272.7  10461  -30.2  -33.0     77   0.88    242    5.0  352.1  355.6  352.3
  263.7  10699  -32.2  -33.9     85   0.83    253    7.2  352.6  355.9  352.8
  253.5  10976  -34.2  -37.8     70   0.58    267    7.0  353.6  356.0  353.8
  250.0  11073  -34.8  -39.3     63   0.51    264    6.1  354.2  356.3  354.3
  240.2  11351  -36.9  -40.9     66   0.44    261    6.6  355.0  356.9  355.1
  231.0  11619  -39.2  -46.3     47   0.26    256    7.9  355.6  356.7  355.6
  223.8  11837  -41.3  -46.4     58   0.26    254    8.8  355.6  356.7  355.6
  201.1  12550  -47.8  -51.4     67   0.17    256    6.3  356.3  357.1  356.4
  200.0  12587  -48.2  -51.7     66   0.16    253    6.2  356.3  357.1  356.4
  199.5  12604  -48.3  -52.1     65   0.16    253    6.3  356.4  357.1  356.4
  181.1  13233  -53.8  -57.8     62   0.09    284    6.3  357.4  357.8  357.4
  174.9  13455  -55.9  -60.0     59   0.07    287    6.4  357.5  357.9  357.6
  162.2  13929  -60.1  -64.6     55   0.04    281    6.2  358.3  358.5  358.3
  160.0  14016  -60.7  -65.9     51   0.03    287    6.6  358.6  358.7  358.6
  153.6  14268  -62.8  -67.3     54   0.03    326    6.1  359.3  359.5  359.3
  150.0  14413  -64.0  -68.8     52   0.02    330    5.0  359.7  359.8  359.7
  145.3  14606  -65.6  -69.8     56   0.02    329    5.0  360.1  360.2  360.1
  128.7  15332  -72.1  -76.2     54   0.01     20    4.3  361.2  361.2  361.2
  110.4  16219  -78.0  -83.5     40   0.00    111    7.9  366.3  366.3  366.3
  103.0  16615  -80.0  -85.0     44   0.00    117    7.5  369.7  369.7  369.7
  100.1  16775  -80.6  -85.3     46   0.00    124    6.3  371.6  371.6  371.6
  100.0  16783  -80.6  -85.3     46   0.00    124    6.3  371.7  371.7  371.7
  100.0  16783  -80.6  -85.3     46   0.00    124    6.3  371.7  371.7  371.7
   99.5  16812  -80.8  -85.6     45   0.00    124    6.1  372.0  372.0  372.0
   98.0  16899  -80.6  -85.5     44   0.00    124    5.1  373.9  373.9  373.9
   94.9  17077  -81.0  -86.0     44   0.00     69    0.5  376.5  376.5  376.5
   92.4  17225  -81.5  -86.2     45   0.00     25    4.2  378.5  378.6  378.5
   92.0  17252  -81.3  -86.1     44   0.00     30    5.1  379.3  379.3  379.3
   89.2  17423  -80.5  -85.2     46   0.00     61    8.6  384.3  384.3  384.3
   86.3  17612  -79.2  -84.7     40   0.00     54   12.0  390.5  390.5  390.5
   83.7  17789  -76.5  -84.4     28   0.00     75   15.8  399.4  399.4  399.4
   76.2  18329  -76.0  -87.6     15   0.00     74   20.3  411.4  411.4  411.4
   74.6  18454  -75.1  -87.8     12   0.00     82   22.1  415.7  415.7  415.7
   72.0  18662  -74.5  -88.3     10   0.00     96   18.7  421.3  421.3  421.3
   70.0  18822  -73.4  -88.6      8   0.00     89   19.4  427.1  427.1  427.1
   66.9  19089  -71.5  -89.4      6   0.00     81   15.9  436.6  436.7  436.6
   63.9  19365  -68.6  -89.0      4   0.00     74   19.7  448.8  448.8  448.8
   62.1  19529  -69.2  -89.4      4   0.00     65   20.0  451.1  451.1  451.1
   57.4  20004  -67.6  -89.7      3   0.00     94   21.1  465.1  465.1  465.1
   50.9  20736  -64.4  -89.5      2   0.00     84   25.1  488.8  488.8  488.8
   50.4  20797  -64.2  -89.4      2   0.00     85   24.4  490.7  490.7  490.7
   50.0  20841  -64.2  -89.3      2   0.00     86   23.0  491.7  491.7  491.7
   48.7  21003  -64.9  -89.7      2   0.00     92   20.0  493.7  493.7  493.7
   44.8  21516  -65.4  -89.8      2   0.00     92   27.7  504.5  504.6  504.5
   44.5  21552  -65.5  -90.0      2   0.00     92   27.6  505.3  505.3  505.3
   37.6  22590  -60.2  -88.8      1   0.00     79   24.9  543.7  543.7  543.7
   35.3  22977  -57.0  -87.4      1   0.01    101   28.0  561.9  561.9  561.9
   34.3  23159  -56.5  -86.8      1   0.01    102   24.6  567.8  567.9  567.8
   32.4  23529  -58.1  -87.4      1   0.01     97   15.3  572.8  572.9  572.8
   30.0  24011  -57.7  -87.4      1   0.01     90   16.8  586.6  586.7  586.6
   29.3  24158  -57.5  -87.2      1   0.01     98   18.0  591.2  591.3  591.2
   28.1  24431  -58.2  -87.5      1   0.01     79   19.2  596.5  596.6  596.5
   26.5  24801  -58.6  -87.5      1   0.01    104   18.7  605.2  605.3  605.2
   25.9  24935  -58.4  -87.6      1   0.01     95   19.1  610.0  610.1  610.0
   24.9  25182  -59.1  -87.7      1   0.01     76   24.1  614.8  614.9  614.8
   24.7  25237  -59.3  -88.0      1   0.01     75   25.8  615.7  615.8  615.7
   23.6  25534  -58.0  -87.5      1   0.01     82   32.4  627.5  627.5  627.5
   20.0  26569  -55.3  -86.5      1   0.01     96   27.8  666.3  666.4  666.3
   19.7  26650  -55.2  -86.4      1   0.01     98   27.4  669.2  669.3  669.2
   19.2  26820  -55.4  -86.5      1   0.01     99   29.3  673.8  673.9  673.8
   17.9  27296  -50.4  -84.2      1   0.02     94   31.7  703.0  703.1  703.0
   16.3  27879  -48.7  -83.0      1   0.03     77   37.5  727.5  727.8  727.5
   15.8  28096  -48.0  -82.4      1   0.03     78   38.4  736.4  736.8  736.5
   14.6  28634  -48.6  -83.1      1   0.03     89   41.5  751.2  751.5  751.2
   14.5  28675  -48.1  -82.9      1   0.03     89   41.6  754.4  754.7  754.4
   13.3  29253  -43.4  -80.6      1   0.05     86   36.6  789.4  790.0  789.5
   13.1  29357  -43.3  -80.4      1   0.05     86   35.1  793.3  793.9  793.3
   12.1  29898  -44.7  -81.1      1   0.05     87   41.0  806.5  807.1  806.5
   10.7  30680  -42.8  -80.5      1   0.06     89   41.4  842.1  842.8  842.1
   10.0  31161  -39.3  -79.3      1   0.07     89   37.3  871.8  872.7  871.8
    8.7  32127  -32.5  -75.9      1   0.15    101   32.5  933.3  935.3  933.4
    8.4  32415  -30.6  -75.2      0   0.17     93   33.2  950.2  952.5  950.2
    8.0  32741  -29.6  -74.6      0   0.19     81   37.0  967.5  970.2  967.6
    7.4  33241  -29.5  -74.5      0   0.21     92   30.8  989.6  992.7  989.7
    7.3  33402  -28.7  -74.0      0   0.23     83   29.6  996.7 1000.1  996.9
    6.8  33861  -29.4  -74.4      0   0.23     65   36.7 1014.4 1017.9 1014.6
