Latitude: 22.312 Longitude: 114.17
-----------------------------------------------------------------------------
   PRES   HGHT   TEMP   DWPT   RELH   MIXR   DRCT   SPED   THTA   THTE   THTV
    hPa      m      C      C      %   g/kg    deg    m/s      K      K      K 
-----------------------------------------------------------------------------
 1000.0     48                                                               
  998.0     66   25.9   23.6     87  18.67    173    0.3  299.2  354.0  302.6
  995.7     86   27.7   21.8     70  16.69    186    1.7  301.2  350.5  304.2
  982.7    203   26.8   21.3     72  16.48    210    5.3  301.4  350.2  304.4
  975.8    265   27.5   19.2     60  14.46    209    6.6  302.8  345.9  305.4
  971.6    304   28.6   17.9     52  13.41    206    6.5  304.2  344.5  306.7
  956.9    440   27.8   18.1     55  13.77    201    5.8  304.8  346.1  307.3
  955.7    451   27.8   18.2     56  13.89    201    5.7  304.8  346.6  307.4
  925.0    739   25.0   21.4     80  17.63    227    4.4  304.9  357.8  308.1
  921.2    775   24.6   21.7     84  18.04    229    4.6  304.8  358.9  308.1
  904.9    933   23.8   20.2     80  16.66    256    5.2  305.6  355.7  308.6
  901.4    967   24.0   18.9     73  15.43    259    5.5  306.1  352.7  308.9
  888.4   1094   25.2   13.3     48  10.84    261    6.0  308.6  341.8  310.6
  875.0   1228   23.7   18.2     71  15.17    253    7.1  308.4  354.6  311.2
  866.0   1318   22.9   18.0     74  15.13    264    5.8  308.4  354.5  311.2
  850.0   1481   22.8   14.9     61  12.64    257    5.8  310.1  348.9  312.4
  843.8   1545   22.1   14.8     63  12.65    253    5.0  309.9  348.8  312.3
  831.8   1670   21.7   13.3     59  11.59    256    3.5  310.7  346.5  312.9
  799.7   2010   19.5   12.3     63  11.30    194    0.7  311.9  347.0  314.0
  700.0   3142   11.2    8.5     84  10.03     98    3.8  314.9  346.4  316.8
  682.2   3356    9.4    7.6     88   9.63     79    3.8  315.2  345.6  317.0
  603.9   4362    4.6   -6.3     45   3.95     44    2.3  320.8  333.9  321.5
  601.3   4397    5.2  -11.2     29   2.71     36    2.1  321.9  331.1  322.4
  575.4   4755    2.0   -9.4     43   3.27     94    3.5  322.3  333.3  322.9
  552.6   5081    0.4  -17.8     24   1.71     67    2.4  324.0  330.1  324.4
  505.5   5790   -3.6  -16.4     36   2.10    113    5.7  327.6  335.0  328.0
  500.0   5876   -4.3  -16.8     37   2.06    114    5.7  327.7  335.0  328.2
  490.9   6020   -5.2  -22.0     25   1.34     97    3.6  328.3  333.2  328.6
  482.3   6159   -5.5  -10.2     70   3.66     61    1.4  329.6  342.2  330.3
  474.8   6282   -5.9  -19.9     32   1.66    111    1.2  330.7  336.7  331.0
  454.1   6630   -7.9  -26.8     20   0.94     99    1.1  332.3  335.9  332.5
  416.5   7296  -12.5  -17.8     64   2.28    139    2.7  334.8  343.0  335.3
  412.7   7365  -12.2  -37.1     11   0.38    144    1.9  336.0  337.5  336.1
  406.3   7485  -12.9  -24.3     38   1.32    116    2.0  336.7  341.6  336.9
  402.8   7552  -12.9  -37.0     11   0.40    114    2.7  337.4  339.0  337.5
  400.0   7604  -13.3  -37.0     12   0.40    119    3.1  337.6  339.2  337.7
  397.9   7644  -13.6  -37.2     12   0.39    128    3.5  337.7  339.3  337.8
  395.8   7684  -13.7  -21.8     50   1.69    134    3.8  338.1  344.3  338.4
  390.8   7780  -14.3  -21.7     54   1.74    134    4.6  338.5  345.0  338.9
  388.9   7818  -14.4  -23.6     45   1.47    132    4.7  338.9  344.4  339.2
  387.9   7838  -14.4  -25.4     39   1.25    131    4.7  339.2  343.9  339.4
  375.9   8075  -16.2  -31.7     25   0.72    142    5.0  339.9  342.7  340.0
  367.4   8246  -17.1  -43.3      8   0.23    125    4.3  340.9  341.8  340.9
  355.1   8502  -19.0  -43.9      9   0.22     82    5.1  341.6  342.5  341.7
  350.8   8592  -19.7  -43.0     11   0.24     76    7.4  341.9  342.9  342.0
  348.4   8642  -20.0  -27.3     52   1.17     70    7.9  342.2  346.7  342.4
  345.3   8710  -20.5  -27.9     52   1.12     61    8.2  342.3  346.7  342.6
  334.5   8943  -22.4  -28.8     56   1.06     66    7.4  342.9  347.0  343.1
  321.6   9230  -24.6  -33.8     42   0.68     64    5.7  343.7  346.4  343.8
  317.4   9327  -25.2  -57.2      3   0.05     63    6.3  344.1  344.4  344.2
  305.0   9614  -27.4  -56.0      5   0.06     75    7.0  345.0  345.3  345.1
  300.0   9733  -28.4  -56.4      5   0.06     69    7.1  345.2  345.5  345.2
  291.8   9930  -29.6  -51.9     10   0.11     59    6.3  346.3  346.8  346.3
  289.9   9978  -29.5  -44.4     22   0.26     61    6.1  347.1  348.1  347.1
  284.3  10117  -30.5  -55.1      7   0.08     69    7.1  347.5  347.9  347.5
  282.1  10171  -31.0  -55.5      7   0.07     65    7.6  347.6  347.9  347.6
  277.6  10286  -31.7  -49.1     16   0.16     51    8.6  348.2  348.8  348.2
  256.5  10840  -36.3  -40.6     64   0.43     74    7.8  349.3  351.1  349.4
  255.7  10860  -36.4  -39.8     70   0.47     75    7.5  349.6  351.5  349.7
  255.3  10871  -36.4  -39.9     70   0.47     75    7.4  349.7  351.6  349.8
  250.0  11017  -37.4  -41.6     65   0.40     69    5.1  350.4  352.0  350.5
  239.7  11306  -39.0  -43.8     60   0.33     51    5.5  352.2  353.6  352.3
  229.5  11602  -40.8  -48.6     43   0.20     70    5.3  353.8  354.7  353.9
  226.7  11686  -41.6  -47.8     51   0.22     78    5.1  353.9  354.8  353.9
  200.0  12522  -48.8  -53.2     60   0.14    104    3.4  355.3  355.9  355.4
  172.0  13493  -57.4  -60.5     68   0.06     81    5.0  356.8  357.1  356.8
  168.5  13623  -58.6  -61.9     65   0.05     75    4.4  356.9  357.2  356.9
  165.6  13734  -59.1  -65.4     44   0.03     68    3.5  357.8  357.9  357.8
  158.5  14004  -61.1  -68.4     38   0.02     62    5.9  359.0  359.1  359.0
  150.0  14345  -64.1  -69.3     49   0.02     71    6.5  359.4  359.5  359.4
  141.8  14685  -67.3  -70.2     67   0.02     54    6.5  359.7  359.8  359.7
  140.3  14750  -67.9  -70.5     69   0.02     55    7.2  359.7  359.8  359.7
  132.4  15098  -71.0  -74.5     59   0.01     81    8.7  360.3  360.3  360.3
  129.0  15251  -71.7  -74.9     62   0.01     93   10.8  361.6  361.7  361.6
  116.9  15826  -75.4  -80.2     48   0.01    107   15.7  365.1  365.1  365.1
  115.6  15890  -75.8  -80.5     48   0.01    105   15.6  365.5  365.5  365.5
  107.5  16306  -78.6  -82.5     53   0.00     84   13.8  368.0  368.0  368.0
  106.1  16384  -79.1  -83.0     53   0.00     84   14.8  368.3  368.4  368.3
  100.4  16695  -76.4  -82.6     37   0.00     74   22.0  379.4  379.4  379.4
  100.2  16709  -76.3  -82.6     37   0.00     74   22.0  379.9  379.9  379.9
  100.0  16719  -76.2  -82.5     37   0.00     74   22.0  380.3  380.3  380.3
  100.0  16719  -76.2  -82.5     37   0.00     74   22.0  380.3  380.3  380.3
   91.2  17253  -75.8  -84.5     25   0.00     86   25.0  391.2  391.2  391.2
   89.4  17366  -76.5  -85.4     23   0.00     87   22.9  392.0  392.1  392.0
   84.5  17695  -72.6  -85.9     12   0.00     68   22.0  406.3  406.3  406.3
   84.1  17719  -72.6  -86.1     12   0.00     68   22.0  406.8  406.8  406.8
   70.1  18792  -70.1  -89.4      4   0.00     95   21.7  434.0  434.0  434.0
   70.0  18803  -70.1  -89.4      4   0.00     95   21.7  434.1  434.1  434.1
   69.2  18873  -69.9  -89.3      4   0.00     95   20.7  436.0  436.0  436.0
   65.6  19188  -71.4  -89.9      5   0.00     93   14.2  439.5  439.5  439.5
   61.4  19584  -71.5  -90.3      5   0.00     95   21.8  447.6  447.6  447.6
   59.1  19809  -69.9  -90.5      4   0.00    102   18.7  456.0  456.1  456.0
   56.5  20070  -70.6  -91.1      3   0.00    101   19.1  460.3  460.3  460.3
   50.0  20810  -63.7  -90.7      1   0.00     92   26.4  493.0  493.0  493.0
   49.4  20880  -62.7  -90.1      1   0.00     93   27.2  497.0  497.0  497.0
   49.2  20912  -62.7  -90.0      1   0.00     95   27.3  497.5  497.5  497.5
   44.5  21525  -62.5  -90.0      1   0.00     92   21.0  512.5  512.5  512.5
   44.4  21539  -62.5  -90.0      1   0.00     92   21.0  512.8  512.8  512.8
   40.0  22177  -65.2  -91.1      2   0.00    111   26.5  521.5  521.6  521.5
   38.9  22357  -62.4  -91.0      1   0.00    107   29.7  532.9  532.9  532.9
   38.8  22369  -62.4  -91.0      1   0.00    107   29.7  533.4  533.4  533.4
   36.5  22744  -62.2  -90.1      1   0.00    108   19.3  543.1  543.2  543.1
   36.0  22833  -61.6  -89.9      1   0.00    101   18.3  546.8  546.9  546.8
   34.5  23092  -60.8  -89.7      1   0.00     73   20.2  555.8  555.8  555.8
   32.0  23566  -59.4  -89.3      1   0.00     69   25.6  571.5  571.6  571.5
   30.0  23966  -58.5  -88.6      1   0.01     79   33.9  584.4  584.5  584.4
   28.1  24382  -57.0  -88.0      1   0.01     91   31.8  599.7  599.8  599.7
