Latitude: 22.312 Longitude: 114.17
-----------------------------------------------------------------------------
   PRES   HGHT   TEMP   DWPT   RELH   MIXR   DRCT   SPED   THTA   THTE   THTV
    hPa      m      C      C      %   g/kg    deg    m/s      K      K      K 
-----------------------------------------------------------------------------
 1000.0     59                                                               
  999.3     66   27.1   25.7     92  21.24    185    0.3  300.3  363.0  304.1
  948.8    525   24.6   23.5     93  19.60    235    6.0  302.3  360.5  305.8
  925.0    749   23.4   22.4     94  18.79    218   10.7  303.2  359.2  306.6
  924.7    752   23.4   22.5     95  18.86    218   10.7  303.2  359.5  306.6
  864.8   1336   21.1   17.2     78  14.44    239   12.3  306.7  350.4  309.4
  855.9   1426   20.4   18.1     87  15.48    245   12.0  306.9  353.7  309.7
  850.0   1486   20.0   17.9     88  15.41    244   12.4  307.1  353.8  309.9
  812.6   1873   16.9   16.4     97  14.56    246   11.8  307.7  351.9  310.4
  804.7   1958   17.6   14.5     82  13.02    251   12.1  309.4  349.3  311.8
  782.3   2199   16.2   13.8     86  12.78    251   12.7  310.4  349.7  312.8
  755.8   2492   14.3   12.8     91  12.41    237   12.6  311.3  349.7  313.7
  705.9   3068   11.6    8.4     81   9.86    252   13.6  314.6  345.6  316.5
  700.0   3139   11.5    7.3     75   9.19    253   13.2  315.2  344.2  316.9
  676.6   3423   10.8    6.2     73   8.86    244   12.1  317.5  345.7  319.2
  643.8   3836    7.8    5.7     87   9.00    239   11.6  318.6  347.4  320.3
  615.7   4204    6.1    2.8     79   7.62    251    9.7  320.7  345.4  322.2
  592.2   4522    4.1    1.8     85   7.41    232    9.5  322.1  346.2  323.5
  580.0   4692    3.0    1.3     88   7.29    237    8.5  322.7  346.6  324.1
  560.5   4969    1.9   -0.5     84   6.59    240   10.0  324.6  346.4  325.9
  553.0   5078    2.5   -4.2     61   5.06    239   10.4  326.5  343.5  327.5
  549.5   5130    2.1   -2.6     71   5.78    237   10.5  326.6  346.0  327.8
  547.6   5158    2.4   -6.8     51   4.20    236   10.4  327.2  341.5  328.1
  526.0   5481    0.3   -3.7     74   5.54    242    9.2  328.5  347.2  329.6
  515.1   5649   -0.8   -8.3     57   3.99    247    9.2  329.2  342.9  330.0
  508.0   5761   -1.7   -5.2     77   5.15    244    9.6  329.4  346.9  330.4
  503.3   5834   -1.4  -28.7     10   0.71    243    9.9  330.7  333.4  330.8
  500.0   5887   -2.2   -8.5     62   4.02    241    9.7  330.3  344.2  331.1
  499.8   5891   -2.2   -8.2     64   4.15    242    9.6  330.3  344.6  331.2
  494.9   5969   -2.5  -14.2     40   2.59    244    9.5  330.9  340.1  331.5
  493.1   5997   -2.7   -8.4     65   4.12    244    9.7  331.0  345.2  331.8
  489.9   6048   -2.9   -8.4     66   4.15    242    9.9  331.3  345.7  332.1
  486.0   6112   -3.0  -18.8     28   1.79    237    9.8  332.0  338.5  332.4
  482.5   6169   -3.7  -11.0     57   3.44    234   10.1  331.9  343.9  332.6
  479.6   6217   -3.9  -10.0     63   3.73    236   10.3  332.1  345.1  332.8
  476.5   6267   -3.8  -19.3     29   1.75    242    9.8  332.9  339.3  333.3
  472.1   6342   -4.3  -13.8     48   2.81    249    9.3  333.2  343.1  333.7
  468.9   6395   -4.5  -10.5     63   3.68    246    9.6  333.5  346.4  334.3
  466.6   6434   -4.3  -16.7     37   2.23    245    9.7  334.3  342.4  334.8
  458.8   6565   -5.3  -10.5     66   3.74    242    9.8  334.7  347.9  335.4
  444.8   6810   -6.7  -11.8     67   3.49    245    9.0  335.9  348.2  336.6
  443.2   6838   -6.9  -11.8     68   3.50    243    8.7  335.9  348.3  336.6
  438.9   6914   -7.5   -8.4     93   4.65    231    8.4  336.2  352.5  337.1
  434.2   6997   -8.0   -9.6     88   4.25    223    8.5  336.6  351.5  337.4
  426.5   7136   -8.5  -10.3     86   4.11    231   10.5  337.7  352.2  338.5
  423.9   7183   -8.4  -14.5     61   2.93    233   10.5  338.3  348.9  338.9
  417.4   7303   -9.0  -16.5     55   2.53    238    9.0  339.0  348.2  339.5
  400.0   7632  -11.7  -12.9     90   3.55    244    6.6  339.7  352.5  340.4
  399.4   7643  -11.8  -12.9     91   3.55    245    6.5  339.7  352.5  340.5
  380.8   8008  -13.5  -15.5     85   3.02    249    7.4  342.1  353.1  342.8
  369.9   8229  -14.4  -17.5     77   2.62    233    7.9  343.7  353.4  344.3
  354.5   8550  -16.1  -20.7     68   2.09    239    6.6  345.7  353.6  346.2
  347.9   8691  -17.1  -20.4     75   2.18    249    5.9  346.2  354.4  346.7
  316.5   9394  -22.1  -25.1     77   1.57    233    6.2  348.7  354.7  349.0
  308.5   9582  -23.5  -26.8     74   1.39    250    6.1  349.4  354.8  349.7
  300.0   9786  -24.7  -28.6     70   1.21    247    4.5  350.5  355.2  350.7
  279.6  10294  -28.2  -34.4     55   0.75    264    3.7  352.6  355.6  352.7
  270.3  10536  -30.1  -35.2     61   0.71    272    3.2  353.3  356.2  353.4
  254.7  10955  -33.9  -37.1     73   0.62    247    1.8  353.6  356.2  353.7
  250.0  11086  -35.0  -38.0     73   0.58    234    2.6  353.9  356.3  354.1
  246.2  11194  -35.9  -38.6     76   0.55    235    4.2  354.0  356.3  354.2
  238.7  11406  -37.4  -42.6     58   0.38    239    3.1  355.0  356.5  355.0
  208.9  12310  -45.7  -48.5     73   0.22    221    7.0  355.8  356.8  355.9
  204.0  12468  -47.1  -51.0     64   0.17    215    8.0  356.0  356.8  356.1
  200.0  12599  -48.2  -52.9     58   0.14    219    7.7  356.2  356.8  356.2
  195.7  12741  -49.4  -57.7     37   0.08    222    7.8  356.5  356.9  356.6
  187.8  13010  -51.9  -56.6     57   0.10    229    8.3  356.8  357.3  356.9
  186.7  13048  -52.1  -57.6     52   0.09    232    8.3  357.0  357.4  357.0
  169.9  13650  -57.7  -63.4     48   0.04    230    6.4  357.5  357.7  357.5
  167.4  13746  -58.4  -65.9     37   0.03    237    6.4  357.9  358.1  357.9
  162.2  13944  -59.8  -69.0     29   0.02    222    5.0  358.8  358.9  358.8
  150.0  14425  -64.0  -74.6     22   0.01    158    1.2  359.7  359.8  359.7
  144.9  14636  -65.7  -77.9     17   0.01    165    1.3  360.3  360.3  360.3
  130.1  15283  -71.6  -76.1     51   0.01    332    0.3  360.9  361.0  361.0
  125.3  15501  -73.4  -77.7     52   0.01     44    3.0  361.5  361.6  361.5
  121.0  15704  -74.7  -79.4     48   0.01     41    5.2  362.8  362.8  362.8
  107.1  16404  -80.2  -84.7     47   0.00     67    8.8  365.3  365.3  365.3
  100.1  16782  -82.5  -86.8     49   0.00    109    9.5  367.9  367.9  367.9
  100.0  16790  -82.6  -86.8     49   0.00    109    9.5  367.9  367.9  367.9
  100.0  16790  -82.6  -86.8     49   0.00    109    9.5  367.9  367.9  367.9
   95.4  17054  -84.5  -88.5     49   0.00    103    7.1  369.2  369.2  369.2
   93.8  17142  -84.3  -88.3     50   0.00    102    8.3  371.3  371.3  371.3
   91.4  17290  -83.6  -87.8     48   0.00     78   10.2  375.5  375.5  375.5
   81.4  17941  -79.0  -87.3     25   0.00    107   19.3  397.5  397.5  397.5
   80.4  18013  -78.7  -87.9     21   0.00    105   21.0  399.6  399.6  399.6
   70.0  18818  -70.2  -90.9      3   0.00     76   20.3  433.9  433.9  433.9
   69.8  18832  -70.2  -90.9      3   0.00     76   20.6  434.2  434.2  434.2
   65.7  19201  -68.2  -90.6      3   0.00     90   24.9  446.1  446.1  446.1
   60.8  19671  -63.6  -90.4      2   0.00     92   19.4  466.5  466.5  466.5
   57.8  19977  -62.8  -90.1      1   0.00     96   16.5  474.9  474.9  474.9
   54.6  20327  -62.3  -90.1      1   0.00     74   13.6  484.0  484.0  484.0
   54.0  20399  -62.4  -90.0      1   0.00     68   13.4  485.1  485.1  485.1
   51.4  20701  -63.7  -90.1      2   0.00     93   15.8  489.2  489.2  489.2
   50.0  20870  -63.7  -90.5      2   0.00     83   13.8  493.0  493.0  493.0
   47.5  21189  -64.3  -90.4      2   0.00     68   10.3  498.8  498.8  498.8
   44.7  21549  -66.4  -91.2      2   0.00     79   15.8  502.5  502.5  502.5
   40.2  22195  -63.2  -91.0      1   0.00     84   22.6  526.0  526.0  526.0
   37.0  22718  -58.5  -89.8      1   0.00    106   19.7  550.7  550.7  550.7
   36.9  22740  -58.1  -89.5      1   0.00    106   19.2  552.0  552.0  552.0
   34.3  23192  -60.8  -89.6      1   0.00     91   16.4  556.5  556.5  556.5
   34.1  23230  -61.0  -89.7      1   0.00     90   16.6  557.1  557.1  557.1
   30.8  23870  -57.9  -89.3      1   0.00     76   25.6  581.7  581.8  581.7
   30.0  24028  -57.3  -88.8      1   0.00     77   25.9  587.7  587.8  587.7
   28.1  24451  -56.5  -88.2      1   0.01     95   27.0  601.0  601.1  601.0
   25.0  25183  -54.0  -87.2      1   0.01     84   26.5  628.7  628.8  628.7
   23.1  25688  -53.3  -87.1      1   0.01    100   31.3  645.3  645.4  645.3
   22.6  25824  -51.9  -86.6      1   0.01     98   27.6  653.4  653.5  653.4
   22.0  26010  -52.2  -86.1      1   0.01     94   23.9  657.4  657.5  657.4
   20.8  26376  -53.9  -87.0      1   0.01     75   27.9  663.0  663.1  663.0
   20.0  26625  -51.6  -86.8      1   0.01     88   30.8  677.4  677.5  677.4
   19.5  26784  -49.7  -86.2      1   0.01     93   32.5  688.2  688.4  688.2
   19.2  26908  -48.1  -85.3      1   0.01     87   31.0  696.2  696.4  696.3
   18.5  27133  -48.8  -85.0      1   0.02     85   26.0  701.4  701.6  701.4
   17.4  27556  -49.7  -85.3      1   0.02    108   33.1  710.9  711.0  710.9
   17.1  27657  -49.5  -85.4      1   0.02    111   32.6  715.1  715.3  715.1
   16.2  28010  -47.2  -85.0      1   0.02     93   28.8  733.9  734.1  733.9
   15.5  28322  -45.2  -83.8      1   0.02    106   30.5  749.8  750.0  749.8
   14.6  28690  -44.3  -83.6      0   0.03     87   35.0  765.7  766.0  765.7
   14.0  29003  -43.8  -83.2      0   0.03     93   30.8  776.4  776.8  776.4
   13.4  29268  -44.4  -83.4      1   0.03     91   28.9  784.4  784.8  784.4
   12.1  29973  -46.2  -84.3      1   0.03     96   30.3  801.3  801.6  801.3
   11.4  30354  -46.6  -84.6      1   0.03     78   32.5  813.6  813.9  813.6
   11.0  30591  -46.8  -84.8      1   0.03     83   36.5  821.0  821.3  821.0
   10.0  31223  -44.8  -84.1      0   0.03     76   38.6  851.1  851.5  851.1
    8.3  32461  -44.1  -84.0      0   0.04     82   41.2  900.5  901.0  900.5
    8.2  32558  -42.8  -83.1      0   0.05     83   42.4  908.5  909.2  908.6
    8.1  32664  -39.2  -80.8      0   0.07     79   40.8  926.1  927.1  926.1
    7.9  32777  -38.9  -80.6      0   0.08     79   38.4  933.9  934.9  933.9
    7.8  32926  -39.0  -80.6      0   0.08     83   42.3  937.1  938.2  937.2
    7.6  33094  -35.7  -78.5      0   0.11     82   44.9  957.2  958.8  957.3
    7.5  33201  -34.4  -77.6      0   0.13     85   44.5  966.2  968.0  966.3
