Latitude: 22.314 Longitude: 114.17
-----------------------------------------------------------------------------
   PRES   HGHT   TEMP   DWPT   RELH   MIXR   DRCT   SPED   THTA   THTE   THTV
    hPa      m      C      C      %   g/kg    deg    m/s      K      K      K 
-----------------------------------------------------------------------------
 1000.0     52                                                               
  998.5     66   28.0   27.1     95  23.22    234    1.1  301.3  370.2  305.4
  925.1    741   23.6   22.9     96  19.33    219    5.1  303.4  361.1  306.9
  925.0    743   23.6   22.9     96  19.32    220    5.2  303.4  361.1  306.9
  914.6    842   22.9   22.5     97  19.04    229    6.2  303.7  360.6  307.1
  875.6   1223   21.9   17.9     78  14.92    262    4.7  306.5  351.6  309.2
  870.8   1271   22.4   15.9     67  13.18    260    4.3  307.5  347.5  309.9
  850.0   1482   21.7   15.7     69  13.29    272    4.5  308.8  349.4  311.3
  827.0   1719   19.8   16.1     79  14.05    266    5.0  309.3  352.2  311.9
  800.0   2005   18.2   15.3     83  13.79    257    4.4  310.6  353.0  313.1
  775.8   2269   17.0    9.6     62   9.75    276    3.7  311.9  342.3  313.8
  700.0   3138   11.0    7.7     80   9.48    257    4.3  314.7  344.5  316.5
  661.7   3607    8.1    4.7     79   8.14    259    5.3  316.4  342.3  318.0
  659.3   3637    8.0    4.6     79   8.08    258    5.0  316.7  342.4  318.2
  648.5   3773    6.8    6.6     99   9.50    255    5.8  316.8  347.0  318.6
  645.7   3808    6.6    6.3     98   9.35    253    5.7  317.0  346.7  318.8
  638.5   3901    7.2    3.4     77   7.71    247    5.0  318.7  343.5  320.2
  631.8   3989    6.8    2.6     75   7.34    241    5.3  319.2  342.9  320.6
  609.5   4283    4.7    2.1     83   7.32    257    6.2  320.1  343.8  321.5
  582.8   4648    2.5   -0.5     80   6.35    246    7.1  321.7  342.5  322.9
  538.6   5283   -0.6   -2.9     84   5.75    267    9.5  325.2  344.4  326.4
  518.0   5593   -1.8   -2.8     93   6.05    274    7.9  327.5  347.8  328.7
  500.0   5875   -2.6   -4.5     87   5.50    279    5.6  329.8  348.5  330.9
  497.7   5912   -2.7   -4.6     86   5.47    281    5.5  330.1  348.8  331.2
  462.4   6493   -5.6   -7.7     85   4.66    263   10.1  333.5  349.6  334.4
  441.7   6850   -7.7   -9.7     86   4.15    254    9.2  335.2  349.8  336.1
  402.9   7562  -11.4  -13.5     85   3.36    268    7.1  339.3  351.4  340.0
  400.0   7618  -11.7  -13.7     85   3.34    267    6.6  339.7  351.7  340.4
  396.2   7690  -12.1  -14.1     85   3.24    265    6.1  340.1  351.8  340.8
  385.6   7898  -13.4  -15.3     85   3.02    255    5.8  341.0  352.0  341.6
  330.0   9067  -20.6  -24.9     69   1.55    278    3.9  346.7  352.6  347.0
  311.2   9497  -23.8  -27.6     71   1.28    292    5.1  348.0  353.0  348.3
  304.8   9648  -24.9  -29.0     69   1.14    311    5.2  348.5  353.0  348.8
  300.0   9764  -25.9  -29.8     69   1.08    306    5.4  348.8  353.1  349.0
  291.7   9967  -27.5  -31.4     70   0.96    294    5.2  349.3  353.0  349.5
  282.7  10190  -29.5  -32.7     73   0.87    314    5.9  349.6  353.1  349.8
  271.4  10480  -31.9  -34.3     79   0.78    287    5.7  350.2  353.3  350.3
  269.4  10532  -32.2  -35.2     75   0.72    282    5.7  350.4  353.3  350.6
  254.5  10932  -34.5  -41.5     49   0.40    261    3.7  352.9  354.5  353.0
  250.0  11056  -35.5  -42.5     49   0.36    266    2.7  353.1  354.7  353.2
  249.3  11077  -35.8  -41.2     58   0.42    269    2.6  353.0  354.7  353.0
  244.1  11222  -36.8  -47.2     33   0.22    322    2.0  353.5  354.5  353.6
  228.7  11669  -41.1  -47.3     51   0.24    351    2.9  353.7  354.7  353.7
  202.6  12479  -48.7  -55.1     48   0.11     20    3.6  354.1  354.6  354.1
  200.0  12563  -49.2  -62.2     20   0.04     13    3.4  354.8  355.0  354.8
  199.7  12573  -49.2  -62.5     20   0.04     13    3.4  354.8  355.0  354.8
  181.6  13188  -54.6  -68.9     16   0.02     17    2.0  355.9  355.9  355.9
  170.4  13590  -58.2  -69.5     22   0.02    357    2.4  356.4  356.5  356.5
  166.5  13738  -59.4  -63.4     60   0.05    325    3.5  356.7  356.9  356.7
  159.1  14020  -62.0  -70.3     32   0.02    356    4.6  357.0  357.1  357.0
  157.0  14100  -62.4  -72.4     25   0.01      5    4.1  357.7  357.7  357.7
  150.0  14382  -64.7  -71.3     40   0.02     45    1.1  358.4  358.5  358.4
  146.0  14546  -65.9  -72.4     40   0.01    204    0.1  359.1  359.2  359.1
  135.6  14989  -69.4  -74.7     46   0.01    217    3.8  360.6  360.7  360.6
  128.7  15300  -71.6  -78.7     34   0.01    246    5.1  362.0  362.1  362.0
  125.0  15473  -73.0  -79.5     37   0.01    254    5.0  362.5  362.6  362.5
  120.1  15704  -74.4  -83.1     25   0.00    284    4.6  364.1  364.1  364.1
  111.6  16128  -77.8  -82.2     49   0.00      2    6.7  365.5  365.5  365.5
  108.1  16313  -77.6  -81.7     52   0.00     40    9.3  369.2  369.2  369.2
  100.2  16750  -77.5  -84.7     31   0.00     59   10.4  377.6  377.6  377.6
  100.0  16758  -77.5  -84.7     31   0.00     59   10.4  377.8  377.8  377.8
  100.0  16758  -77.5  -84.7     31   0.00     59   10.4  377.8  377.8  377.8
   94.2  17101  -77.4  -84.9     29   0.00     54   11.9  384.5  384.5  384.5
   90.7  17317  -77.3  -85.6     25   0.00     74   12.5  388.8  388.9  388.8
   84.0  17761  -75.8  -87.9     14   0.00     83   16.2  400.5  400.5  400.5
   80.4  18017  -74.0  -88.2     10   0.00     71   19.0  409.2  409.2  409.2
   78.0  18193  -74.2  -88.4     10   0.00     78   23.7  412.3  412.3  412.3
   73.0  18577  -73.1  -89.6      7   0.00     95   20.6  422.6  422.6  422.6
   70.0  18825  -72.6  -89.7      6   0.00     90   20.9  428.7  428.7  428.7
   67.2  19065  -72.6  -89.7      6   0.00     80   16.3  433.9  433.9  433.9
   65.7  19197  -72.5  -89.9      6   0.00     74   18.5  436.7  436.7  436.7
   58.9  19844  -71.0  -90.6      4   0.00     86   27.0  453.9  454.0  453.9
   58.6  19872  -71.1  -90.7      4   0.00     87   26.7  454.5  454.5  454.5
   57.4  20000  -69.2  -90.8      3   0.00     78   22.0  461.3  461.3  461.3
   53.5  20415  -66.0  -90.8      2   0.00     93   27.3  478.3  478.3  478.3
   52.1  20581  -64.8  -90.8      2   0.00     87   26.1  484.5  484.6  484.5
   50.5  20768  -64.8  -90.5      2   0.00     75   26.6  488.9  488.9  488.9
   50.0  20832  -64.6  -90.5      2   0.00     76   27.6  490.9  490.9  490.9
   47.7  21125  -64.1  -90.6      2   0.00     94   26.1  498.8  498.8  498.8
   40.4  22144  -61.7  -89.6      1   0.00     87   29.6  528.9  529.0  528.9
   37.0  22693  -59.9  -89.5      1   0.00     86   28.1  547.0  547.0  547.0
   32.9  23433  -59.4  -88.7      1   0.00    102   25.9  567.0  567.0  567.0
   32.2  23565  -59.8  -88.9      1   0.00     96   24.9  569.3  569.4  569.4
   30.8  23841  -58.3  -88.8      1   0.00     79   27.5  580.7  580.8  580.7
   30.6  23877  -58.2  -88.6      1   0.01     79   27.7  582.2  582.2  582.2
   30.0  24005  -58.4  -88.5      1   0.01     82   27.9  584.8  584.9  584.8
   28.5  24322  -58.7  -88.8      1   0.01     78   31.6  592.7  592.7  592.7
   26.2  24863  -54.4  -87.4      1   0.01     94   32.8  619.1  619.2  619.1
   22.9  25729  -55.9  -87.8      1   0.01    101   36.6  639.0  639.1  639.0
   22.7  25776  -55.9  -87.9      1   0.01    101   36.5  640.8  640.9  640.8
   22.0  25967  -53.0  -87.4      1   0.01    104   33.5  655.0  655.1  655.0
   20.3  26487  -52.1  -86.1      1   0.01    104   25.4  673.1  673.3  673.1
   20.0  26590  -51.8  -86.3      1   0.01     99   26.5  677.0  677.1  677.0
   19.1  26904  -50.6  -85.7      1   0.01    111   27.8  689.7  689.8  689.7
   18.0  27267  -49.6  -85.0      1   0.02     87   29.7  704.6  704.7  704.6
   16.9  27706  -48.5  -84.8      1   0.02    103   26.8  720.8  721.0  720.8
   16.3  27917  -47.6  -84.7      1   0.02     94   29.8  731.2  731.4  731.2
   15.5  28257  -45.3  -83.7      1   0.02     93   24.3  749.5  749.7  749.5
   15.4  28306  -45.3  -83.7      1   0.02     91   24.2  750.6  750.9  750.6
   14.2  28825  -45.3  -83.4      1   0.03     82   31.5  768.5  768.8  768.5
   13.2  29341  -47.7  -84.3      1   0.02     88   27.7  776.3  776.6  776.3
   12.4  29769  -49.0  -84.8      1   0.02     71   25.0  785.7  786.0  785.7
   12.0  29935  -49.4  -85.2      1   0.02     67   26.1  791.6  791.9  791.6
   10.1  31094  -44.5  -84.2      0   0.03     88   38.6  849.9  850.3  849.9
   10.0  31164                                                               
