Latitude: 22.311 Longitude: 114.17
-----------------------------------------------------------------------------
   PRES   HGHT   TEMP   DWPT   RELH   MIXR   DRCT   SPED   THTA   THTE   THTV
    hPa      m      C      C      %   g/kg    deg    m/s      K      K      K 
-----------------------------------------------------------------------------
 1000.0     45                                                               
  997.7     66   30.3   22.8     64  17.75     36    0.9  303.6  356.7  306.9
  942.2    577   28.4   18.5     55  14.38    351    2.2  306.7  350.2  309.3
  925.0    741   26.9   22.3     76  18.66    314    2.1  306.8  363.4  310.2
  915.4    833   26.2   22.7     81  19.31    334    2.8  307.0  365.6  310.6
  857.2   1412   22.8   18.3     76  15.65    329    5.3  309.2  357.1  312.1
  850.0   1486   22.2   17.8     76  15.22    329    5.0  309.4  356.0  312.2
  804.7   1961   20.5   10.4     52   9.87      8    3.3  312.4  343.2  314.3
  752.0   2543   15.4   11.0     75  11.05     45    1.7  313.0  347.5  315.1
  700.0   3148   12.6    6.6     67   8.77     83    4.2  316.4  344.3  318.1
  693.8   3223   12.0    6.8     71   9.00     85    5.2  316.5  345.1  318.2
  674.4   3461   11.7    0.8     47   6.01     85    6.5  318.8  338.3  319.9
  669.6   3520   11.3    0.4     47   5.91     86    6.9  318.9  338.2  320.1
  658.5   3660   10.4   -1.8     43   5.12     90    5.5  319.5  336.3  320.5
  633.9   3975    7.7    1.8     66   6.88     98    5.5  320.0  342.3  321.3
  607.9   4320    5.7   -7.3     39   3.65     99    5.1  321.5  333.8  322.2
  595.0   4494    4.9   -9.1     36   3.24    132    5.0  322.5  333.5  323.2
  593.6   4514    4.8   -9.7     34   3.10    133    5.0  322.6  333.2  323.2
  576.8   4747    3.0   -5.1     55   4.56    141    4.2  323.2  338.4  324.1
  543.9   5220    0.4  -15.1     30   2.17    164    3.4  325.5  333.1  325.9
  517.0   5625   -2.7   -9.4     60   3.64    150    4.7  326.6  339.0  327.3
  511.4   5711   -2.7  -19.7     26   1.57    150    3.9  327.6  333.2  327.9
  505.6   5801   -3.5  -11.0     56   3.28    160    2.6  327.6  338.9  328.3
  500.0   5890   -3.8  -13.6     47   2.68    151    1.9  328.3  337.6  328.8
  492.7   6005   -4.3  -16.8     37   2.09    322    0.0  329.1  336.5  329.5
  479.7   6216   -4.8  -26.6     16   0.90     85    1.0  331.0  334.3  331.2
  455.1   6627   -7.8  -18.0     44   2.04    328    0.7  332.3  339.6  332.7
  451.5   6690   -8.0  -24.7     25   1.15    315    0.3  332.8  337.1  333.1
  448.1   6749   -8.5  -17.5     48   2.16     84    0.5  332.8  340.6  333.3
  441.1   6870   -9.5  -20.3     41   1.73    342    1.4  333.0  339.3  333.4
  440.5   6880   -9.3  -25.4     26   1.10    335    1.5  333.5  337.6  333.7
  439.5   6899   -9.3  -17.3     52   2.24    321    1.6  333.7  341.8  334.2
  437.4   6935   -9.0  -20.8     38   1.67    301    1.7  334.6  340.7  334.9
  426.4   7133  -10.3  -14.5     71   2.93    287    3.0  335.3  345.8  335.9
  417.4   7297  -11.4  -17.3     62   2.36    289    2.0  336.0  344.5  336.5
  413.5   7368  -11.7  -24.7     33   1.26    294    1.5  336.5  341.2  336.7
  400.0   7621  -13.7  -28.0     29   0.95    256    2.0  337.1  340.7  337.3
  395.3   7712  -14.3  -32.1     21   0.66    257    2.3  337.4  340.0  337.6
  383.8   7934  -15.7  -40.4     10   0.30    244    3.1  338.5  339.7  338.6
  370.4   8202  -17.4  -30.1     32   0.85    228    4.7  339.6  342.9  339.8
  369.1   8227  -17.5  -38.2     15   0.38    226    5.0  339.9  341.4  340.0
  366.2   8286  -17.6  -47.3      6   0.15    223    5.3  340.5  341.1  340.5
  339.7   8844  -22.1  -35.1     30   0.57    170    2.7  341.8  344.1  341.9
  335.6   8932  -22.1  -52.4      5   0.09    173    2.0  343.0  343.4  343.0
  319.9   9284  -24.3  -47.6     10   0.16    137    2.4  344.7  345.4  344.7
  314.0   9418  -25.3  -29.6     67   1.05    114    4.4  345.1  349.2  345.3
  303.3   9671  -27.1  -31.1     69   0.95     97    4.8  346.0  349.8  346.2
  302.9   9680  -27.1  -31.1     68   0.94     97    5.0  346.1  349.8  346.3
  300.0   9748  -27.2  -31.9     64   0.89     95    5.7  346.9  350.4  347.1
  295.9   9848  -27.7  -40.5     28   0.38     96    5.1  347.6  349.2  347.7
  295.2   9864  -27.8  -40.1     30   0.40     96    5.0  347.7  349.3  347.8
  288.7  10025  -28.8  -35.0     56   0.68    122    4.2  348.4  351.1  348.5
  283.7  10150  -29.4  -43.1     25   0.30    150    4.9  349.3  350.6  349.4
  283.1  10165  -29.5  -41.9     29   0.34    150    5.0  349.4  350.9  349.5
  281.9  10194  -29.6  -38.2     43   0.50    150    5.2  349.7  351.8  349.8
  277.4  10310  -30.7  -38.0     48   0.52    152    4.5  349.8  351.9  349.9
  255.7  10883  -35.4  -45.2     36   0.26     97    5.8  351.0  352.2  351.1
  254.0  10929  -35.7  -50.0     22   0.16     93    6.4  351.3  352.0  351.3
  250.0  11038  -36.6  -54.6     14   0.09     89    6.3  351.5  351.9  351.5
  247.7  11101  -37.0  -64.1      4   0.03     91    5.7  351.8  351.9  351.8
  247.3  11114  -37.2  -64.1      4   0.03     92    5.6  351.8  351.9  351.8
  236.6  11417  -39.6  -47.3     44   0.23    134    5.6  352.6  353.6  352.6
  234.1  11490  -40.3  -46.5     51   0.25    135    5.5  352.6  353.7  352.7
  226.9  11701  -42.1  -48.0     52   0.22    128    6.5  353.0  354.0  353.1
  218.1  11969  -44.4  -49.2     59   0.20    144    6.2  353.5  354.3  353.5
  211.5  12173  -45.8  -50.1     61   0.18    163    5.7  354.4  355.2  354.4
  211.0  12188  -45.9  -50.0     63   0.19    163    5.7  354.4  355.2  354.5
  200.0  12543  -48.8  -53.9     55   0.12    165    5.6  355.3  355.8  355.3
  190.4  12865  -51.5  -59.1     40   0.07    174    5.1  355.9  356.3  356.0
  186.1  13010  -52.9  -58.3     52   0.08    172    5.2  356.0  356.4  356.0
  173.3  13467  -56.9  -61.1     59   0.06    120    4.5  356.8  357.1  356.8
  171.6  13528  -57.4  -61.4     60   0.06    113    4.7  357.0  357.3  357.0
  169.3  13615  -58.0  -62.9     54   0.05    106    5.0  357.3  357.5  357.3
  165.0  13777  -59.3  -66.3     39   0.03    108    6.4  357.9  358.1  357.9
  159.9  13973  -61.0  -67.7     40   0.03    107    7.7  358.3  358.4  358.3
  151.2  14315  -63.9  -69.1     49   0.02    129    7.1  359.0  359.2  359.0
  150.0  14366  -64.3  -69.1     52   0.02    128    7.1  359.1  359.2  359.1
  149.7  14378  -64.4  -69.2     52   0.02    127    7.0  359.1  359.2  359.1
  142.1  14694  -67.1  -72.5     47   0.02    101    8.4  359.8  359.9  359.8
  141.9  14703  -67.2  -72.6     46   0.01    100    8.5  359.8  359.9  359.8
  134.9  15007  -69.5  -78.2     27   0.01    120   10.0  361.0  361.0  361.0
  130.0  15227  -70.9  -76.3     45   0.01    136   11.7  362.3  362.4  362.3
  128.2  15309  -71.0  -77.2     39   0.01    142   12.1  363.6  363.6  363.6
  121.8  15612  -73.1  -85.7     13   0.00    144   13.4  365.1  365.1  365.1
  112.2  16088  -75.2  -84.2     24   0.00    135   11.8  369.8  369.8  369.8
  108.1  16302  -75.7  -85.4     21   0.00    121   12.2  372.8  372.8  372.8
  104.4  16507  -76.9  -83.8     33   0.00    102   15.5  374.2  374.3  374.2
  101.7  16654  -76.7  -83.7     32   0.00     98   19.1  377.4  377.4  377.4
  100.0  16753  -76.0  -83.7     29   0.00    104   17.9  380.6  380.6  380.6
  100.0  16753  -76.0  -83.7     29   0.00    104   17.9  380.6  380.6  380.6
   94.9  17054  -76.1  -83.4     31   0.00    109   10.9  386.2  386.2  386.2
   89.5  17397  -73.5  -85.3     15   0.00     71   10.2  397.8  397.8  397.8
   84.8  17707  -73.3  -86.6     12   0.00     78   17.8  404.4  404.4  404.4
   83.5  17800  -71.5  -87.0      8   0.00     78   15.6  410.0  410.0  410.0
   77.1  18268  -72.6  -88.0      8   0.00     72   16.2  417.0  417.0  417.0
   73.5  18550  -74.2  -89.0      9   0.00     95   13.5  419.4  419.4  419.4
   73.3  18570  -74.3  -89.1      9   0.00     95   13.5  419.5  419.6  419.5
   70.6  18785  -73.8  -89.3      8   0.00     88   17.1  425.0  425.0  425.0
   70.0  18835  -73.6  -89.4      7   0.00     90   17.0  426.6  426.6  426.6
   67.4  19058  -71.2  -89.5      5   0.00     98   14.7  436.4  436.4  436.4
   64.8  19292  -70.1  -89.7      4   0.00    105   23.7  443.7  443.7  443.7
   62.0  19554  -68.8  -90.2      3   0.00     96   15.5  452.3  452.3  452.3
   59.4  19812  -67.0  -90.4      2   0.00     87   19.2  461.9  462.0  461.9
   57.8  19976  -64.8  -90.0      2   0.00     68   21.7  470.4  470.4  470.4
   57.7  19984  -64.8  -89.9      2   0.00     67   21.9  470.7  470.7  470.7
   50.0  20858  -66.0  -90.2      2   0.00     82   25.0  487.5  487.5  487.5
   49.4  20937  -66.5  -90.6      2   0.00     80   25.1  488.0  488.0  488.0
   48.0  21109  -66.1  -90.6      2   0.00     81   26.9  493.0  493.1  493.0
   40.9  22086  -62.5  -89.9      1   0.00    116   22.1  525.1  525.1  525.1
   40.3  22179  -62.2  -89.6      1   0.00    114   21.4  528.0  528.1  528.0
   37.6  22604  -63.3  -89.8      2   0.00     96   18.5  535.8  535.8  535.8
   36.7  22750  -63.6  -89.9      2   0.00     85   16.7  538.8  538.9  538.8
   34.7  23102  -64.3  -90.0      2   0.00     49   19.1  545.7  545.7  545.7
   32.7  23448  -65.9  -91.2      2   0.00     60   25.6  550.7  550.7  550.7
   30.0  23988  -58.8  -88.8      1   0.00     85   39.0  583.8  583.8  583.8
   29.8  24020  -58.5  -88.7      1   0.01     88   39.1  585.6  585.6  585.6
   29.2  24163  -57.2  -87.7      1   0.01     94   36.7  592.6  592.6  592.6
   27.2  24616  -56.8  -87.0      1   0.01     99   27.6  605.9  606.0  605.9
   25.0  25148  -54.9  -86.2      1   0.01     90   34.8  626.2  626.3  626.2
   24.7  25228  -54.9  -86.0      1   0.01     91   35.6  628.3  628.4  628.3
   22.6  25782  -53.5  -85.2      1   0.01     85   26.1  648.5  648.6  648.5
   21.4  26125  -54.6  -85.8      1   0.01     98   25.7  655.5  655.6  655.5
   20.0  26575  -53.1  -85.2      1   0.01     84   24.9  672.9  673.1  673.0
   19.3  26804  -51.7  -84.6      1   0.02     83   22.9  684.0  684.2  684.0
   18.3  27162  -50.7  -84.1      1   0.02    101   20.3  697.7  697.9  697.7
   18.0  27264  -50.0  -83.7      1   0.02     95   21.8  703.2  703.4  703.2
   17.3  27511  -51.1  -83.8      1   0.02     79   27.9  707.6  707.8  707.6
   16.4  27865  -53.0  -84.8      1   0.02     77   35.9  712.6  712.8  712.6
   15.1  28390  -52.6  -84.8      1   0.02     91   28.4  730.6  730.9  730.6
   14.2  28781  -52.9  -85.1      1   0.02     85   37.4  742.9  743.1  742.9
   13.5  29128  -51.8  -84.8      1   0.02     88   30.5  757.4  757.7  757.4
   12.8  29460  -50.1  -83.8      1   0.03     83   39.2  774.6  775.0  774.7
   10.9  30531  -46.4  -81.9      1   0.04    115   30.2  824.6  825.2  824.7
   10.4  30861  -46.6  -82.3      1   0.04    105   33.1  834.9  835.4  834.9
   10.0  31098  -45.2  -82.0      1   0.05     98   34.3  849.7  850.3  849.7
    8.6  32112  -39.3  -79.2      1   0.09     72   35.5  909.9  911.1  910.0
    8.0  32594  -37.2  -78.3      1   0.11     74   39.9  937.5  939.0  937.6
    7.0  33544  -38.5  -78.9      1   0.11     72   45.1  968.4  970.0  968.5
    6.9  33653  -38.2  -78.9      1   0.12     76   44.0  973.7  975.3  973.7
