Latitude: 22.312 Longitude: 114.17
-----------------------------------------------------------------------------
   PRES   HGHT   TEMP   DWPT   RELH   MIXR   DRCT   SPED   THTA   THTE   THTV
    hPa      m      C      C      %   g/kg    deg    m/s      K      K      K 
-----------------------------------------------------------------------------
 1000.0     59                                                               
  999.3     66   28.8   25.8     84  21.44    251    1.2  302.0  365.8  305.9
  965.5    372   25.9   24.8     94  20.77    248    6.2  302.0  363.7  305.8
  938.9    618   24.4   21.9     86  17.92    252    9.6  303.0  356.4  306.2
  934.9    657   25.1   18.3     66  14.26    254    9.6  304.0  346.7  306.6
  932.1    682   25.2   18.4     66  14.44    255    9.5  304.4  347.7  307.0
  925.0    750   24.6   19.0     71  15.11    255    9.2  304.4  349.7  307.2
  907.6    917   24.6   17.8     66  14.26    253   10.1  306.1  349.2  308.7
  869.6   1292   23.0   14.1     57  11.72    238    7.7  308.3  344.0  310.4
  850.0   1490   22.1   12.2     53  10.58    242    6.5  309.3  341.9  311.3
  827.7   1721   21.8    7.3     39   7.76    245    5.3  311.3  335.6  312.7
  809.8   1910   20.2    7.5     44   8.06    255    6.6  311.6  336.8  313.1
  733.6   2754   14.1    4.3     51   7.10    219    3.6  313.9  336.4  315.2
  700.0   3148   11.7    0.2     45   5.57    236    4.8  315.4  333.3  316.5
  697.1   3183   11.4    0.2     46   5.56    238    5.0  315.5  333.4  316.5
  692.6   3237   10.9   -0.1     46   5.48    242    5.3  315.5  333.2  316.6
  670.1   3511    9.8  -12.1     20   2.27    257    5.5  317.2  324.9  317.7
  655.9   3690    9.5  -18.9     12   1.32    249    4.8  318.9  323.5  319.1
  652.4   3734    9.0   -3.7     40   4.46    248    4.6  318.8  333.4  319.6
  575.3   4763    3.6  -21.5     14   1.20    255    2.4  324.1  328.4  324.4
  564.6   4915    4.7  -27.3      8   0.73    233    0.6  327.2  329.9  327.3
  557.7   5016    3.9  -27.9      8   0.69    192    0.4  327.3  329.9  327.4
  540.4   5270    2.0  -33.2      5   0.43    259    1.8  328.1  329.7  328.1
  513.9   5674   -0.8  -28.6     10   0.71    322    1.3  329.4  332.0  329.5
  509.4   5743   -1.3  -16.5     30   2.08    328    1.8  329.7  337.0  330.1
  500.2   5888   -2.2  -20.9     22   1.45    292    3.9  330.3  335.5  330.5
  500.0   5891   -2.2  -20.9     22   1.45    290    3.9  330.3  335.6  330.6
  482.3   6176   -2.9  -34.2      7   0.44    330    3.1  332.8  334.5  332.9
  450.7   6709   -6.7  -31.4     12   0.62    332    5.0  334.6  337.0  334.7
  430.8   7061   -7.8  -36.8      8   0.38    313    6.1  337.5  339.0  337.6
  416.5   7322   -8.7  -40.0      6   0.28    331    7.7  339.6  340.8  339.7
  414.1   7368   -8.8  -38.5      7   0.33    333    8.3  340.0  341.4  340.1
  405.8   7523  -10.2  -38.4      8   0.34    333    9.8  340.2  341.6  340.3
  400.0   7634  -11.2  -38.2      9   0.36    336    9.4  340.3  341.7  340.4
  367.7   8272  -16.8  -32.6     24   0.67      6    6.1  341.2  343.8  341.3
  349.6   8649  -20.3  -35.2     25   0.55    359    8.1  341.4  343.6  341.5
  316.5   9378  -24.6  -47.9     10   0.16     13    5.5  345.3  346.0  345.3
  305.0   9648  -25.9  -50.0      9   0.13    356    5.5  347.1  347.7  347.2
  300.0   9767  -26.7  -51.5      8   0.11      4    5.3  347.6  348.1  347.6
  298.0   9814  -27.0  -51.7      8   0.11      6    5.3  347.9  348.4  347.9
  285.9  10114  -28.7  -55.1      6   0.08    348    5.4  349.6  349.9  349.6
  283.3  10179  -29.0  -56.4      5   0.07    352    5.5  350.0  350.3  350.0
  263.9  10680  -33.2  -57.3      7   0.06     16    5.6  351.2  351.4  351.2
  250.0  11058  -36.4  -58.4      8   0.06     17    5.5  351.8  352.0  351.8
  233.9  11516  -40.1  -62.5      7   0.04     28    5.7  352.9  353.1  352.9
  227.5  11706  -41.6  -68.1      4   0.02     47    6.0  353.4  353.5  353.4
  226.7  11727  -41.9  -65.0      6   0.03     48    6.1  353.4  353.6  353.4
  208.0  12305  -46.8  -56.8     31   0.08     46    6.7  354.5  354.9  354.6
  206.7  12346  -47.2  -54.0     45   0.12     48    6.8  354.6  355.1  354.6
  201.3  12520  -48.4  -54.5     49   0.12     60    6.5  355.3  355.8  355.3
  200.0  12563  -48.7  -55.1     47   0.11     63    6.5  355.5  356.0  355.5
  193.6  12775  -50.5  -57.5     43   0.08     75    5.5  355.9  356.3  355.9
  190.6  12877  -51.3  -60.5     32   0.06     86    6.3  356.3  356.6  356.3
  180.3  13238  -53.9  -64.2     27   0.04     86    8.1  357.6  357.8  357.6
  171.9  13541  -56.6  -63.3     42   0.04     85    9.1  358.2  358.4  358.2
  165.5  13780  -58.6  -66.4     36   0.03     68    8.6  358.7  358.9  358.8
  154.6  14204  -62.3  -67.3     51   0.03     74    9.9  359.5  359.6  359.5
  150.0  14390  -63.8  -69.3     47   0.02     76   11.1  360.0  360.1  360.0
  147.3  14501  -64.8  -70.2     48   0.02     77   10.8  360.1  360.2  360.1
  140.7  14779  -66.5  -74.9     29   0.01     72   12.3  362.0  362.0  362.0
  130.8  15216  -70.2  -74.2     55   0.01     68   15.1  362.9  362.9  362.9
  124.3  15521  -72.0  -79.1     34   0.01     77   13.3  364.9  364.9  364.9
  107.1  16384  -77.8  -82.0     51   0.00     79   20.3  369.9  369.9  369.9
  105.8  16450  -78.2  -82.3     52   0.00     78   19.3  370.4  370.4  370.4
  100.1  16765  -78.6  -82.4     54   0.00     59   17.2  375.5  375.5  375.5
  100.0  16774  -78.6  -82.4     54   0.00     59   17.2  375.7  375.7  375.7
  100.0  16774  -78.6  -82.4     54   0.00     59   17.2  375.7  375.7  375.7
   94.4  17105  -78.6  -83.3     46   0.00     64   15.2  381.8  381.9  381.8
   88.4  17475  -80.1  -85.3     42   0.00     51   19.5  386.0  386.1  386.0
   83.1  17827  -78.4  -87.0     24   0.00     53   25.9  396.4  396.4  396.4
   72.7  18593  -72.9  -89.7      6   0.00     81   22.0  423.4  423.4  423.4
   70.0  18819  -71.8  -90.4      5   0.00     89   18.7  430.5  430.5  430.5
   69.4  18873  -71.6  -90.5      5   0.00     87   18.4  431.8  431.8  431.8
   59.5  19786  -67.0  -90.4      2   0.00     81   24.2  461.7  461.8  461.7
   59.4  19798  -66.9  -90.4      2   0.00     81   24.1  462.0  462.0  462.0
   56.8  20067  -68.1  -90.6      3   0.00     77   23.9  465.3  465.3  465.3
   54.4  20322  -68.3  -90.9      3   0.00     83   26.7  470.6  470.6  470.6
   54.1  20359  -68.2  -90.8      3   0.00     84   27.0  471.5  471.5  471.5
   50.0  20832  -67.1  -91.0      2   0.00     81   22.6  484.9  485.0  484.9
   48.2  21053  -64.8  -90.8      2   0.00     88   21.8  495.5  495.5  495.5
   45.9  21347  -64.1  -90.6      2   0.00     76   21.3  504.1  504.2  504.1
   43.5  21674  -64.4  -90.5      2   0.00    102   22.7  511.2  511.3  511.2
   41.4  21979  -63.2  -90.3      1   0.00     92   20.6  521.5  521.6  521.5
   38.6  22416  -63.7  -90.1      2   0.00     82   16.4  530.8  530.8  530.8
   38.2  22481  -63.9  -90.5      2   0.00     76   17.3  531.9  531.9  531.9
   37.4  22606  -62.7  -90.4      1   0.00     69   22.0  538.1  538.1  538.1
   34.9  23038  -59.7  -89.2      1   0.00     76   33.8  556.8  556.9  556.8
   33.8  23235  -59.3  -88.7      1   0.00     86   36.7  563.0  563.0  563.0
   31.0  23780  -58.5  -88.0      1   0.01    107   33.0  579.0  579.0  579.0
   30.0  23986  -57.7  -87.9      1   0.01    110   31.7  586.6  586.7  586.6
   28.9  24217  -58.5  -87.9      1   0.01    112   26.7  590.8  590.8  590.8
   27.0  24648  -55.6  -87.1      1   0.01    108   25.0  610.5  610.6  610.6
   24.5  25278  -53.8  -86.3      1   0.01     90   17.3  632.9  633.0  632.9
   24.2  25342  -53.3  -85.9      1   0.01     86   17.6  636.6  636.7  636.6
   23.4  25571  -54.1  -85.8      1   0.01     79   22.0  640.3  640.4  640.3
   20.3  26464  -54.8  -86.2      1   0.01     95   21.6  664.9  665.0  664.9
   20.0  26575  -53.6  -86.1      1   0.01     90   20.2  671.5  671.6  671.5
   19.8  26642  -52.9  -86.0      1   0.01     85   18.8  675.3  675.4  675.3
   19.7  26668  -52.9  -85.9      1   0.01     83   18.5  676.4  676.5  676.4
   19.0  26911  -54.3  -85.7      1   0.01     74   16.2  679.0  679.2  679.0
   18.8  26961  -54.5  -85.9      1   0.01     73   16.5  680.5  680.6  680.5
   17.2  27545  -53.2  -86.1      1   0.01     71   26.4  702.1  702.2  702.1
   17.1  27573  -52.9  -86.1      1   0.01     71   26.8  704.3  704.5  704.3
   15.9  28044  -49.5  -84.5      1   0.02     82   35.6  730.3  730.5  730.3
   15.3  28329  -46.4  -83.2      1   0.03     91   32.6  748.6  748.9  748.6
   14.8  28513  -46.2  -82.5      1   0.03     96   29.4  756.3  756.6  756.3
   14.3  28773  -47.3  -82.7      1   0.03    104   33.6  760.2  760.5  760.2
   13.5  29120  -45.9  -82.7      1   0.03    100   38.7  777.6  777.9  777.6
