Latitude: 22.312 Longitude: 114.17
-----------------------------------------------------------------------------
   PRES   HGHT   TEMP   DWPT   RELH   MIXR   DRCT   SPED   THTA   THTE   THTV
    hPa      m      C      C      %   g/kg    deg    m/s      K      K      K 
-----------------------------------------------------------------------------
 1000.0     51                                                               
  998.4     66   29.9   25.2     76  20.67    265    0.7  303.2  364.9  306.9
  925.7    739   24.3   23.3     94  19.78    236    1.0  304.0  363.3  307.6
  925.0    745   24.4   23.2     93  19.71    236    1.0  304.2  363.3  307.8
  899.5    992   25.7   19.8     70  16.36    312    3.4  308.0  357.8  311.0
  869.9   1287   24.4   15.5     57  12.80    343    4.8  309.6  348.9  312.0
  850.0   1489   22.8   14.3     59  12.13    347    4.3  310.0  347.3  312.2
  778.6   2248   18.2    5.1     42   7.10    302    2.6  313.0  335.4  314.3
  733.6   2754   14.2    7.6     64   8.96    261    1.5  314.0  342.2  315.7
  700.0   3150   13.5   -2.0     34   4.73    285    3.0  317.4  332.8  318.3
  698.3   3171   13.5   -3.0     32   4.38    281    3.4  317.6  332.0  318.4
  641.0   3885    8.7   -2.2     46   5.09    268    2.5  320.1  336.8  321.1
  599.4   4438    5.8  -13.3     24   2.29    262    2.6  322.9  330.8  323.4
  579.5   4713    3.6   -8.8     40   3.39    252    3.2  323.4  334.9  324.1
  571.5   4824    3.2  -10.3     36   3.06    237    3.4  324.2  334.7  324.8
  567.8   4878    2.8   -2.7     67   5.55    234    3.9  324.4  342.9  325.5
  560.7   4979    2.8  -14.8     26   2.16    248    4.6  325.5  333.1  326.0
  552.4   5100    2.4  -17.6     21   1.75    242    4.7  326.4  332.6  326.8
  548.6   5155    2.5  -14.1     28   2.35    236    5.1  327.2  335.4  327.7
  546.2   5192    2.1   -7.0     51   4.15    240    5.4  327.2  341.3  328.0
  537.4   5323    1.9  -18.8     20   1.62    270    5.5  328.5  334.3  328.8
  531.1   5417    1.6  -21.9     16   1.25    272    6.1  329.2  333.7  329.4
  521.6   5563    0.3  -16.4     27   2.05    285    5.2  329.3  336.6  329.7
  512.3   5707   -0.7  -18.1     25   1.80    268    5.1  329.8  336.3  330.2
  500.0   5900   -2.3  -10.7     52   3.39    289    3.3  330.2  342.0  330.9
  489.0   6077   -3.0  -10.6     56   3.51    263    3.4  331.4  343.6  332.1
  447.8   6769   -6.7  -38.4      6   0.31    287    3.5  335.2  336.4  335.2
  421.6   7237   -9.3  -43.9      4   0.19    274    5.8  337.7  338.5  337.7
  408.2   7486  -10.4  -46.4      3   0.15    294    6.3  339.4  340.0  339.4
  400.0   7641  -11.3  -42.4      6   0.23    288    6.7  340.2  341.1  340.2
  399.6   7650  -11.3  -42.6      6   0.22    289    6.5  340.2  341.2  340.3
  399.1   7658  -11.4  -42.6      6   0.22    289    6.4  340.3  341.2  340.3
  385.2   7929  -13.4  -44.6      5   0.19    325    6.3  341.1  341.9  341.1
  354.5   8554  -19.2  -34.0     26   0.61    338    5.2  341.5  343.9  341.6
  346.6   8720  -20.6  -33.7     30   0.64    359    6.1  341.8  344.3  341.9
  344.5   8766  -20.7  -35.7     25   0.53      2    6.7  342.2  344.4  342.4
  339.2   8880  -21.2  -41.9     14   0.28    343    6.7  343.1  344.3  343.2
  335.8   8954  -21.6  -28.4     54   1.10    331    6.6  343.6  347.9  343.9
  334.0   8994  -21.5  -33.9     32   0.65    328    6.9  344.2  346.8  344.4
  332.2   9033  -21.2  -46.4      8   0.18    326    7.1  345.2  346.0  345.3
  327.5   9139  -22.0  -40.2     18   0.35    320    7.1  345.5  346.9  345.5
  307.5   9599  -25.3  -44.6     15   0.23    340    8.7  347.1  348.1  347.1
  300.0   9778  -26.7  -46.7     13   0.19    346    6.9  347.7  348.5  347.7
  296.7   9857  -27.2  -51.8      8   0.11    348    7.1  348.0  348.5  348.1
  279.1  10294  -30.3  -57.7      5   0.06    329    5.4  349.7  349.9  349.7
  278.8  10303  -30.4  -57.4      5   0.06    329    5.3  349.7  349.9  349.7
  259.4  10809  -34.6  -60.1      6   0.04      5    5.3  350.8  351.0  350.8
  257.2  10871  -34.9  -62.5      4   0.03      6    5.0  351.1  351.3  351.1
  250.0  11067  -36.7  -54.9     13   0.09     10    3.3  351.4  351.8  351.4
  245.4  11194  -37.7  -51.2     23   0.14    359    3.0  351.8  352.4  351.8
  217.8  12006  -44.0  -61.5     13   0.04      3    2.0  354.2  354.4  354.2
  200.0  12573  -48.7  -66.8     10   0.02    334    5.1  355.5  355.6  355.5
  198.7  12614  -49.1  -67.1     10   0.02    331    5.2  355.6  355.7  355.6
  182.3  13174  -53.7  -76.0      5   0.01    352    6.1  357.0  357.0  357.0
  180.2  13249  -54.3  -77.1      4   0.01    357    6.7  357.0  357.0  357.0
  170.2  13612  -57.2  -73.8     10   0.01     33    9.2  358.1  358.2  358.1
  167.5  13714  -58.0  -71.4     16   0.01     37    9.7  358.5  358.6  358.5
  163.3  13871  -59.2  -63.5     57   0.05     45   10.9  359.0  359.2  359.0
  159.3  14029  -60.4  -65.4     52   0.04     46   11.3  359.6  359.7  359.6
  150.0  14400  -63.1  -69.0     45   0.02     65    8.3  361.3  361.4  361.3
  140.6  14793  -66.5  -72.2     44   0.02     93    7.7  362.0  362.1  362.0
  131.0  15217  -70.3  -75.4     48   0.01     90    5.2  362.5  362.5  362.5
  126.0  15447  -72.5  -77.2     49   0.01     60    6.6  362.7  362.7  362.7
  110.5  16209  -78.0  -82.9     45   0.00     51   12.4  366.2  366.2  366.2
  108.2  16327  -78.5  -83.3     46   0.00     49   14.5  367.4  367.5  367.4
  105.7  16462  -79.6  -84.2     47   0.00     56   17.3  367.7  367.8  367.7
  100.1  16773  -80.0  -84.7     46   0.00     64   19.7  372.9  372.9  372.9
  100.0  16776  -79.9  -84.7     46   0.00     64   19.8  373.0  373.0  373.0
  100.0  16776  -79.9  -84.7     46   0.00     64   19.8  373.0  373.0  373.0
   93.3  17170  -77.2  -85.3     27   0.00     99   22.6  385.9  385.9  385.9
   85.5  17676  -76.2  -87.2     16   0.00     85   17.1  397.7  397.8  397.7
   76.2  18345  -71.8  -88.7      6   0.00     92   15.8  420.2  420.2  420.2
   74.5  18478  -71.9  -89.6      6   0.00     83   13.8  422.6  422.6  422.6
   71.5  18723  -69.6  -90.4      3   0.00     70   17.3  432.6  432.6  432.6
   71.2  18743  -69.4  -90.4      3   0.00     70   17.6  433.4  433.4  433.4
   70.0  18847  -69.3  -90.5      3   0.00     77   18.3  435.7  435.7  435.7
   69.1  18928  -69.6  -90.6      3   0.00     80   18.6  436.8  436.8  436.8
   63.1  19464  -68.8  -90.7      3   0.00     65   17.5  450.0  450.0  450.0
   61.6  19608  -69.5  -90.9      3   0.00     65   20.2  451.6  451.6  451.6
   58.4  19926  -69.8  -91.3      3   0.00     75   19.4  457.9  457.9  457.9
   53.2  20487  -68.0  -91.1      2   0.00     87   17.2  474.3  474.3  474.3
   50.7  20772  -67.5  -91.4      2   0.00     77   14.4  482.1  482.1  482.1
   50.0  20859  -67.5  -91.3      2   0.00     78   15.7  484.0  484.0  484.0
   48.9  20990  -67.6  -91.8      2   0.00     84   16.4  486.9  486.9  486.9
   44.3  21599  -63.9  -91.0      1   0.00     82   26.5  509.8  509.8  509.8
   41.4  22012  -61.8  -91.4      1   0.00     96   28.8  525.0  525.0  525.0
   40.5  22139  -60.6  -90.6      1   0.00    103   26.4  531.3  531.3  531.3
   38.2  22503  -61.9  -90.2      1   0.00    118   20.7  537.0  537.0  537.0
   36.4  22801  -63.4  -90.7      1   0.00    113   15.3  540.4  540.4  540.4
   36.3  22823  -63.6  -90.9      1   0.00    112   14.9  540.5  540.5  540.5
   35.8  22913  -63.1  -90.8      1   0.00    104   13.9  543.7  543.8  543.7
   34.4  23161  -62.1  -91.3      1   0.00     73   19.7  552.8  552.8  552.8
   32.2  23555  -61.1  -90.2      1   0.00     63   26.5  565.9  565.9  565.9
   30.0  24003  -59.5  -90.2      1   0.00     76   29.0  581.8  581.8  581.8
   27.2  24626  -58.1  -89.4      1   0.00     96   31.7  602.4  602.4  602.4
   24.7  25227  -55.1  -87.5      1   0.01    106   21.7  627.6  627.7  627.6
   22.2  25904  -54.2  -87.3      1   0.01     89   23.3  649.8  649.9  649.8
   21.5  26124  -52.7  -87.1      1   0.01     93   27.4  660.2  660.3  660.2
   20.0  26589  -49.8  -85.4      1   0.01    108   26.8  683.0  683.2  683.0
   19.4  26779  -48.0  -84.6      1   0.02    111   22.6  694.4  694.6  694.4
   18.6  27049  -49.1  -84.5      1   0.02    123   21.6  699.5  699.7  699.5
   17.6  27419  -50.2  -85.1      1   0.02     99   17.4  707.0  707.2  707.0
   17.2  27563  -50.2  -85.1      1   0.02     88   18.9  711.9  712.0  711.9
   15.6  28196  -52.5  -86.5      1   0.01     64   24.1  724.4  724.6  724.4
   15.5  28252  -52.0  -86.2      1   0.02     62   25.4  727.5  727.6  727.5
   14.2  28805  -49.5  -85.6      1   0.02     81   28.9  754.3  754.5  754.3
   13.8  28991  -49.2  -85.1      1   0.02     81   29.1  761.4  761.6  761.4
   12.1  29869  -50.3  -85.8      1   0.02     75   37.6  786.7  787.0  786.7
   11.9  29965  -49.6  -85.8      1   0.02     75   39.1  792.7  793.0  792.7
   11.3  30340  -45.3  -84.3      0   0.03     92   35.7  820.2  820.5  820.2
   10.6  30771  -42.1  -82.7      0   0.04     86   40.8  846.9  847.4  846.9
   10.2  31014  -41.6  -82.3      0   0.04     93   35.4  858.3  858.9  858.3
   10.1  31068  -41.4  -82.2      0   0.05     94   35.8  861.5  862.1  861.6
   10.0  31141  -41.5  -82.3      0   0.05     95   36.9  863.5  864.1  863.5
    9.4  31538  -42.9  -82.8      0   0.04    100   43.2  873.6  874.2  873.6
    9.3  31612  -42.6  -82.8      0   0.05    100   43.4  877.4  878.0  877.4
    8.6  32179  -38.0  -80.0      0   0.08     98   38.8  914.9  916.0  915.0
    7.8  32819  -38.1  -80.0      0   0.09    101   36.2  940.8  942.0  940.8
    7.6  32994  -37.3  -79.5      0   0.10    104   36.3  950.9  952.2  950.9
    7.5  33147  -37.9  -79.9      0   0.09    101   36.9  952.2  953.4  952.2
