Latitude: 22.312 Longitude: 114.17
-----------------------------------------------------------------------------
   PRES   HGHT   TEMP   DWPT   RELH   MIXR   DRCT   SPED   THTA   THTE   THTV
    hPa      m      C      C      %   g/kg    deg    m/s      K      K      K 
-----------------------------------------------------------------------------
 1000.0     61                                                               
  999.5     66   24.9   24.4     97  19.60      0    0.0  298.1  355.3  301.6
  964.9    376   23.7   23.4     99  19.15    261    5.1  299.9  356.2  303.3
  959.3    427   23.4   23.3    100  19.10    271    5.1  300.1  356.2  303.5
  947.1    539   23.2   23.2    100  19.21    227    7.2  301.0  357.8  304.5
  938.2    622   23.7   22.6     93  18.71    209    9.3  302.3  357.9  305.7
  932.0    681   23.2   22.5     96  18.69    199    9.4  302.3  357.9  305.7
  925.0    746   23.1   22.0     94  18.28    205   10.0  302.9  357.3  306.2
  909.6    893   22.4   21.3     93  17.76    215   11.7  303.6  356.7  306.9
  887.4   1109   21.2   20.8     98  17.70    206   13.8  304.5  357.6  307.7
  870.5   1275   20.0   19.8     99  16.92    226   16.1  305.0  355.8  308.1
  859.5   1386   19.3   19.0     98  16.26    213   15.8  305.4  354.3  308.4
  854.6   1435   19.5   18.2     92  15.56    219   17.5  306.0  353.0  308.9
  850.0   1482   19.3   17.7     90  15.12    222   16.3  306.3  352.0  309.1
  807.2   1927   17.3   15.9     91  14.26    222   12.4  308.8  352.3  311.4
  780.6   2213   15.5   14.0     90  12.97    211   13.8  309.9  349.6  312.3
  765.9   2374   15.1   12.1     82  11.63    226   15.1  311.0  347.0  313.2
  742.4   2638   13.9   10.5     80  10.81    204   13.0  312.6  346.2  314.6
  737.7   2693   14.2   10.2     77  10.64    204   10.9  313.4  346.6  315.4
  723.6   2856   13.2   10.2     82  10.88    199   10.6  314.0  348.1  316.1
  712.5   2986   12.4    9.7     84  10.71    213   12.3  314.6  348.2  316.6
  703.6   3092   11.8    9.0     83  10.34    202   11.2  315.1  347.6  317.0
  700.0   3134   11.5    9.0     84  10.36    204   11.1  315.2  347.9  317.2
  688.5   3273   10.7    8.8     89  10.43    215   10.6  315.7  348.6  317.7
  670.1   3499    9.3    7.6     89   9.85    192   10.9  316.7  347.9  318.6
  663.3   3584    9.2    7.0     86   9.55    211   10.1  317.5  347.9  319.3
  638.4   3900    7.0    5.5     90   8.92    231    9.6  318.5  347.1  320.2
  593.4   4500    4.2    3.4     94   8.25    204    6.8  322.0  348.8  323.6
  587.2   4586    3.7    3.1     96   8.20    218    8.0  322.3  349.0  323.9
  560.9   4958    1.3    0.6     95   7.14    190    7.6  323.8  347.3  325.2
  555.4   5036    1.2    0.5     95   7.19    211    7.2  324.6  348.3  326.0
  542.1   5231    0.5    0.0     97   7.11    181    7.2  325.9  349.5  327.3
  526.1   5473   -0.3   -0.5     98   7.04    181    7.3  327.8  351.4  329.2
  517.4   5607   -0.8   -0.9     99   6.96    163    7.0  328.8  352.1  330.2
  509.5   5730   -1.4   -1.9     96   6.58    176    7.9  329.5  351.7  330.8
  500.0   5879   -2.1   -2.6     97   6.35    167    6.2  330.4  351.9  331.6
  499.3   5891   -2.2   -2.6     97   6.34    165    6.3  330.4  351.9  331.7
  480.6   6194   -3.7   -4.4     95   5.77    180    9.0  332.2  351.9  333.4
  447.5   6755   -6.7   -7.3     96   4.96    168   12.3  335.2  352.5  336.2
  409.5   7445  -10.2  -11.3     92   3.95    175    9.1  339.3  353.4  340.1
  400.0   7625  -11.3  -12.4     91   3.71    166    9.4  340.3  353.6  341.0
  398.7   7649  -11.3  -12.1     94   3.81    165    9.5  340.5  354.2  341.3
  378.4   8049  -13.5  -15.0     88   3.16    153    7.1  342.8  354.3  343.5
  378.0   8057  -13.5  -15.0     88   3.17    153    7.0  342.9  354.4  343.5
  370.1   8217  -14.6  -16.0     89   2.97    156    5.8  343.4  354.3  344.0
  361.8   8390  -15.5  -17.0     88   2.80    182    6.9  344.5  354.8  345.1
  352.0   8597  -16.7  -18.3     88   2.58    181    4.5  345.6  355.2  346.1
  334.4   8980  -19.2  -21.1     85   2.14    174    5.2  347.3  355.4  347.8
  300.5   9769  -24.4  -26.7     81   1.44    205    6.1  350.7  356.3  351.0
  300.0   9781  -24.5  -26.9     80   1.42    207    6.3  350.8  356.3  351.1
  286.1  10124  -27.3  -29.2     84   1.19    224    8.7  351.4  356.2  351.7
  275.2  10402  -29.4  -31.4     83   1.01    210    7.7  352.5  356.5  352.7
  271.5  10500  -30.2  -31.6     88   1.01    211    7.0  352.6  356.7  352.9
  250.0  11080  -35.0  -37.4     79   0.62    218    7.2  353.9  356.4  354.0
  242.1  11305  -36.7  -39.6     75   0.51    211    7.1  354.6  356.7  354.7
  218.5  12005  -42.9  -45.0     80   0.32    225    4.6  355.5  356.9  355.6
  217.6  12031  -43.2  -45.6     78   0.30    229    5.3  355.5  356.8  355.5
  212.0  12207  -45.0  -49.0     64   0.21    259    7.7  355.4  356.3  355.4
  206.4  12386  -46.6  -50.8     62   0.18    247    5.9  355.6  356.4  355.7
  201.4  12548  -48.1  -52.1     63   0.15    270    5.0  355.7  356.4  355.8
  200.0  12593  -48.5  -52.9     60   0.14    271    4.9  355.7  356.4  355.8
  187.3  13020  -52.6  -57.2     57   0.09    257    6.1  356.0  356.4  356.0
  182.8  13178  -54.0  -59.5     51   0.07    231    5.0  356.1  356.4  356.1
  176.3  13410  -56.1  -64.0     36   0.04    238    3.4  356.4  356.6  356.5
  158.3  14082  -62.1  -66.5     56   0.03    167    0.8  357.3  357.5  357.3
  158.1  14091  -62.2  -66.6     56   0.03    148    0.8  357.3  357.5  357.3
  153.5  14274  -64.0  -70.8     39   0.02    106    2.6  357.2  357.3  357.2
  150.0  14413  -65.2  -71.3     43   0.02     94    3.2  357.6  357.7  357.6
  117.4  15863  -75.5  -82.7     32   0.00     64    3.8  364.5  364.5  364.5
  112.1  16130  -77.3  -83.7     35   0.00     52    4.5  365.9  365.9  365.9
  102.9  16618  -79.8  -83.8     52   0.00     49   13.6  370.2  370.2  370.2
  100.8  16732  -80.8  -83.8     61   0.00     55   14.0  370.6  370.6  370.6
  100.1  16775  -81.3  -83.9     64   0.00     58   13.8  370.3  370.4  370.3
  100.0  16778  -81.3  -83.9     65   0.00     59   13.7  370.4  370.4  370.4
  100.0  16778  -81.3  -83.9     65   0.00     59   13.7  370.4  370.4  370.4
   98.2  16880  -81.8  -84.1     68   0.00     62   13.7  371.4  371.4  371.4
   91.9  17255  -78.4  -83.3     45   0.00     88   17.1  385.3  385.3  385.3
   87.4  17542  -80.6  -84.3     54   0.00    102   15.2  386.4  386.4  386.4
   86.1  17621  -81.2  -84.7     56   0.00    100   14.3  386.8  386.8  386.8
   82.1  17891  -79.3  -85.1     38   0.00     92   12.5  396.0  396.0  396.0
   79.2  18095  -77.3  -87.3     19   0.00     93   15.7  404.2  404.2  404.2
   76.9  18268  -72.9  -89.3      7   0.00     70   15.9  416.7  416.7  416.7
   73.4  18543  -71.2  -89.2      5   0.00     92   18.9  426.0  426.0  426.0
   72.8  18590  -71.3  -89.0      6   0.00     96   18.8  426.8  426.8  426.8
   70.0  18824  -71.4  -89.3      5   0.00     98   19.3  431.4  431.4  431.4
   66.6  19116  -71.7  -89.7      5   0.00     98   16.9  436.7  436.8  436.7
   65.7  19199  -71.6  -89.3      6   0.00    100   17.5  438.7  438.7  438.7
   60.4  19695  -67.9  -90.2      3   0.00     69   19.6  457.7  457.7  457.7
   51.2  20692  -66.1  -90.9      2   0.00     88   26.7  483.9  484.0  483.9
   50.0  20835  -65.7  -90.2      2   0.00     84   24.2  488.1  488.2  488.1
   47.3  21174  -66.5  -90.0      2   0.00     69   23.3  494.2  494.2  494.2
   44.9  21479  -66.8  -89.4      3   0.00     81   26.4  500.9  500.9  500.9
   44.2  21580  -66.2  -90.2      2   0.00     83   27.0  504.6  504.6  504.6
   43.0  21755  -64.1  -91.2      1   0.00     79   24.7  513.6  513.7  513.7
   40.0  22197  -60.6  -90.3      1   0.00     79   31.6  533.1  533.2  533.1
   39.0  22358  -60.6  -90.5      1   0.00     82   34.3  537.1  537.1  537.1
   35.8  22887  -59.1  -88.4      1   0.00    106   26.8  554.2  554.2  554.2
   34.4  23134  -59.0  -89.3      1   0.00     96   21.3  560.8  560.9  560.8
   30.6  23885  -55.1  -87.7      1   0.01     94   25.8  590.5  590.6  590.5
   30.2  23955  -55.0  -87.5      1   0.01     97   23.8  593.1  593.1  593.1
   30.0  24003  -55.0  -87.6      1   0.01    100   22.0  594.0  594.1  594.0
   28.6  24310  -56.2  -88.3      1   0.01    112   15.5  598.8  598.9  598.9
   27.2  24631  -56.4  -88.6      1   0.01     94   19.2  607.1  607.1  607.1
   26.5  24786  -56.8  -88.9      1   0.01     93   23.1  610.5  610.5  610.5
   23.5  25551  -52.3  -88.1      1   0.01     99   32.5  644.8  644.9  644.8
   23.1  25681  -52.5  -87.6      1   0.01     96   34.3  647.4  647.4  647.4
   21.3  26189  -55.4  -88.6      1   0.01     87   28.2  654.0  654.1  654.0
   21.1  26240  -55.0  -88.7      1   0.01     85   28.1  657.0  657.1  657.0
   20.1  26556  -50.8  -87.8      0   0.01     93   31.2  679.0  679.1  679.0
   20.0  26596  -50.9  -87.6      1   0.01     94   32.2  679.7  679.8  679.7
   17.5  27449  -50.8  -87.8      0   0.01     92   28.6  706.5  706.6  706.5
   16.1  28024  -52.8  -88.2      1   0.01    101   40.0  716.9  717.0  716.9
   15.6  28225  -50.8  -85.5      1   0.02     97   38.4  729.8  730.0  729.8
