2024 08 01 11 20 2653.551
2024 08 01 23 20 2614.868
2024 08 02 11 22 2266.899
2024 08 02 23 20 2428.715
2024 08 03 11 20 1933.328
2024 08 03 23 21 2171.160
2024 08 04 11 20 2052.332
2024 08 04 23 20 1893.842
2024 08 05 11 20 2223.613
2024 08 05 23 20 2178.873
2024 08 06 06 03 2442.114
2024 08 06 11 21 2706.947
2024 08 06 23 20 2160.699
2024 08 07 05 21 2299.065
2024 08 07 11 20 2416.376
2024 08 07 23 20 2361.534
2024 08 08 11 22 2095.224
2024 08 08 23 20 2345.284
2024 08 09 11 20 2079.597
2024 08 09 23 21 1729.063
2024 08 10 11 20 2573.837
2024 08 10 23 21 2476.237
2024 08 11 11 20 2480.469
2024 08 11 23 20 2223.642
2024 08 12 05 20 2889.141
2024 08 12 11 20 2718.244
2024 08 12 23 20 3339.304
2024 08 13 05 20 2680.354
2024 08 13 11 20 2919.653
2024 08 13 23 22 2574.773
2024 08 14 05 44 3052.792
2024 08 14 11 20 2884.651
2024 08 14 23 24 2868.997
2024 08 15 05 20 3020.209
2024 08 15 11 20 2909.429
2024 08 15 23 22 2880.553
2024 08 16 05 20 3255.425
2024 08 16 11 20 3276.414
2024 08 16 23 21 3009.409
2024 08 17 11 20 2819.526
2024 08 17 23 21 3223.156
2024 08 18 00 29 3168.076
2024 08 18 11 20 3054.808
2024 08 19 05 20 3112.984
2024 08 19 11 20 3078.074
2024 08 19 23 21 2979.526
2024 08 20 05 20 3076.640
2024 08 20 11 20 3036.054
2024 08 20 23 20 3413.192
2024 08 21 05 21 3135.360
2024 08 21 11 20 2949.860
2024 08 21 23 20 3005.321
2024 08 22 05 21 2800.395
2024 08 22 11 20 2685.551
2024 08 22 23 20 2647.379
2024 08 23 05 20 2349.513
2024 08 23 11 20 2451.300
2024 08 23 23 20 2290.081
2024 08 24 11 20 2493.367
2024 08 24 23 22 2343.089
2024 08 25 11 20 2592.270
2024 08 25 23 20 2487.277
2024 08 26 11 20 2522.148
2024 08 26 23 23 2367.847
2024 08 27 05 20 2373.104
2024 08 27 11 20 2379.305
2024 08 27 23 20 2344.556
2024 08 28 05 21 2586.829
2024 08 28 11 20 3225.248
2024 08 28 23 21 2379.912
2024 08 29 05 21 2705.255
2024 08 29 12 07 2664.088
2024 08 29 23 20 2739.132
2024 08 30 05 20 2403.439
2024 08 30 11 20 2766.157
2024 08 30 23 20 2172.509
2024 08 31 11 20 2568.003
2024 08 31 23 20 2826.492
